128282	51	54	73	227	230	174	161	140	115
119382	49	34	25	167	101	89	196	185	170
43905	188	177	174	141	127	124	58	55	55
126329	162	153	120	221	222	201	50	42	26
130191	250	249	248	187	124	54	195	190	176
117098	98	98	86	23	25	24	177	183	147
128402	208	172	135	130	76	45	80	178	205
53759	155	154	153	34	33	33	230	229	227
129770	218	216	154	114	114	112	29	55	38
65946	200	194	183	108	134	124	128	180	177
119016	23	15	20	79	42	83	107	132	195
120282	251	217	216	73	44	43	225	163	137
101630	185	186	185	145	149	146	120	108	95
92432	115	116	107	53	56	47	191	191	195
50114	56	59	61	115	114	107	218	208	182
129272	103	97	110	179	159	155	210	220	221
101040	125	121	111	189	188	181	5	4	4
36484	104	97	92	181	178	178	241	240	243
88429	24	32	41	114	127	140	216	221	227
89487	67	65	49	161	145	113	236	223	210
88433	104	39	27	157	110	74	135	144	157
84499	96	99	104	197	192	180	25	28	31
84709	137	142	164	83	66	66	194	201	209
120757	177	172	169	201	33	20	38	30	28
111278	238	234	229	43	32	25	206	184	164
127514	201	207	206	142	138	132	85	24	23
127504	166	166	166	46	46	46	246	246	246
26110	242	241	242	35	29	30	151	142	144
116156	135	116	101	223	225	230	169	155	141
128007	195	179	135	252	251	251	148	53	51
74374	86	145	193	235	236	234	38	75	143
25863	166	168	164	126	127	109	243	244	246
102329	244	219	211	55	37	56	116	126	150
110054	47	48	52	13	14	17	173	163	131
31947	43	42	41	191	191	191	145	143	140
31401	89	89	89	27	27	27	151	151	151
128677	173	192	108	35	84	30	235	236	224
101735	212	212	213	93	84	59	168	163	154
112476	212	174	138	72	32	35	150	100	70
100809	195	148	113	3	1	1	126	69	41
123824	162	97	71	78	38	38	211	180	148
128243	53	52	47	137	137	126	191	194	179
127041	248	248	248	31	29	29	144	131	112
122936	27	13	11	197	153	134	128	76	66
114283	44	35	29	211	187	159	133	114	94
122848	154	130	108	220	224	228	185	169	152
95058	129	113	85	203	203	202	79	63	37
121703	15	13	39	70	104	146	135	202	246
32157	166	166	166	113	113	113	46	46	46
116898	91	147	31	137	186	82	49	61	22
118153	26	29	40	199	209	225	115	136	173
103734	24	27	27	164	166	159	115	116	122
122846	75	90	99	141	164	176	248	248	249
125714	32	27	27	242	232	224	161	132	117
106084	67	44	25	159	138	108	224	217	209
122982	71	62	60	134	155	176	217	208	214
104016	124	124	118	176	176	171	77	77	68
128184	242	217	208	235	145	156	239	189	188
102824	19	8	4	101	64	47	184	156	132
124617	217	229	233	99	73	76	209	183	150
106560	253	252	252	187	151	132	89	68	60
128187	200	177	153	153	76	51	159	131	115
128189	64	55	40	250	250	248	149	144	110
123003	66	66	62	126	127	124	198	200	171
104023	179	178	159	84	88	87	45	51	49
106561	206	162	108	254	254	253	72	58	44
105974	190	201	208	56	48	41	148	151	154
106565	166	180	165	231	232	231	64	129	61
36122	203	199	190	88	111	55	236	235	233
102821	202	191	186	9	5	4	103	87	86
101413	99	93	97	186	180	175	5	6	10
51199	124	62	45	20	12	10	224	131	104
90010	211	157	133	249	250	252	69	56	58
90405	18	32	26	102	202	163	38	79	74
54798	27	90	170	252	252	247	193	30	115
122978	229	226	223	135	92	77	179	166	156
110837	206	132	136	89	75	69	234	235	234
44482	56	78	103	33	29	44	247	247	247
95702	110	109	114	139	138	140	220	220	223
47964	99	99	99	6	6	6	199	199	199
47957	153	128	98	117	30	38	205	194	153
127807	41	35	40	201	199	204	133	107	67
127822	23	22	15	196	149	124	94	72	53
120970	212	216	215	155	159	159	73	68	63
119002	39	41	49	3	5	7	115	97	101
119150	111	61	26	234	183	117	254	254	253
77295	139	62	69	209	157	127	251	251	248
118883	210	53	51	231	172	157	92	31	26
23526	91	65	46	223	232	230	188	178	158
120304	251	251	251	120	120	120	208	208	208
127612	200	174	144	47	35	28	152	114	83
117214	39	42	35	250	250	247	59	201	59
106943	38	73	63	207	209	207	166	109	70
125713	238	231	224	174	144	128	58	46	40
115260	65	88	109	24	25	40	167	172	172
128014	246	240	228	183	135	59	37	29	21
73271	196	196	196	144	144	144	50	50	50
123443	219	208	200	167	137	119	59	48	39
31422	87	73	60	178	157	127	221	213	201
86753	222	146	80	137	75	36	253	252	251
127579	135	72	51	221	161	67	240	239	242
50711	254	254	254	215	196	156	177	142	83
42627	123	105	92	211	188	180	250	246	245
89818	250	250	249	160	151	128	68	54	42
31727	215	198	179	227	184	91	50	39	37
127805	43	53	57	199	199	198	132	131	115
114300	82	61	58	60	72	157	222	209	135
117103	169	165	144	68	65	51	240	240	237
39344	220	60	97	179	184	165	216	222	204
117104	95	112	89	37	50	37	167	166	162
84766	219	216	211	69	55	33	161	148	126
84716	67	58	60	253	253	251	175	140	104
41323	65	71	108	29	24	48	153	99	86
130248	236	222	217	183	175	163	128	84	69
130249	252	252	251	222	149	15	213	203	177
130250	40	35	28	89	81	75	194	184	179
120024	194	194	194	99	84	106	56	42	47
130251	90	74	71	223	224	224	169	151	139
116759	113	149	75	223	224	226	153	185	127
130252	79	71	69	157	152	149	42	37	38
130253	98	98	98	226	226	226	155	155	155
130254	215	93	79	23	60	49	250	250	249
52233	104	123	120	69	77	78	214	211	202
130255	223	220	217	241	241	241	106	105	103
127619	190	175	163	234	231	223	102	47	49
120968	33	28	22	129	113	91	205	192	170
130256	51	62	68	102	115	118	169	172	163
130257	186	170	159	125	106	93	51	38	30
127334	147	123	126	32	31	28	83	66	63
130258	165	164	173	116	95	71	37	28	22
130259	144	138	144	253	253	253	76	60	47
31099	216	210	179	144	130	96	54	43	25
130260	198	185	180	20	13	18	109	80	75
121229	31	56	75	226	224	224	129	138	149
130261	34	52	29	210	206	200	127	140	130
130262	164	172	179	25	29	33	79	84	86
130263	111	88	88	171	138	129	196	186	192
129954	101	97	90	150	147	139	230	226	217
121115	222	223	226	172	179	186	70	84	99
130265	157	160	173	203	196	202	121	119	127
113296	141	141	59	79	64	45	197	215	223
129957	89	68	56	247	247	246	163	143	134
129959	22	14	10	196	125	59	90	50	23
129963	190	157	132	109	107	101	47	60	69
24135	204	194	161	133	123	108	73	44	55
123012	236	181	145	208	72	24	245	231	223
129964	156	88	47	184	182	150	59	51	49
128613	159	131	117	237	236	235	209	197	191
120553	133	83	44	190	157	123	14	10	9
66919	96	80	67	27	25	23	212	191	170
125810	208	158	156	146	138	83	78	69	51
115512	136	23	7	246	168	164	215	107	27
106074	235	235	234	95	80	61	197	196	192
125321	132	158	159	72	92	90	12	20	20
25223	243	243	244	212	206	184	60	56	49
115750	217	216	214	66	61	59	141	141	142
120073	240	240	240	78	76	70	176	172	165
23397	180	18	24	175	144	141	231	231	231
114154	84	128	168	188	206	228	12	57	93
86319	215	197	177	142	116	87	38	39	27
27018	180	182	174	13	9	12	124	82	84
95740	195	190	181	80	77	84	254	254	254
125952	176	175	115	129	129	129	217	205	196
128232	153	169	146	52	42	47	70	68	70
121724	88	109	164	173	184	204	61	58	88
60470	86	96	101	172	173	179	35	48	51
125757	254	254	254	135	131	127	235	105	42
26370	49	45	44	207	155	125	234	231	227
122990	31	25	30	130	120	117	219	203	192
101741	158	158	158	14	14	14	252	252	252
106324	200	188	177	5	5	6	133	111	96
74667	137	92	63	235	242	246	208	168	132
124757	187	174	158	121	110	100	58	53	46
120310	89	91	88	170	171	169	239	239	239
126928	66	36	27	201	77	68	213	209	186
100813	161	184	217	86	126	183	114	18	31
117691	42	34	31	107	100	78	217	216	214
50757	47	104	107	164	134	150	244	238	240
32971	134	118	110	184	181	179	68	42	48
124583	117	110	112	239	238	240	192	183	184
118358	45	43	39	196	198	201	152	153	152
25673	201	191	162	118	105	86	38	36	32
124621	185	175	150	137	99	103	201	214	215
120965	163	160	160	40	40	44	246	238	231
127935	39	63	51	111	186	175	26	152	133
126435	240	239	236	225	154	79	74	184	168
50351	165	163	147	30	29	23	99	98	85
128502	184	173	168	162	85	77	238	227	221
126457	44	23	27	162	158	165	96	79	86
89270	68	59	44	125	115	99	185	179	163
128404	134	126	138	102	152	206	40	40	45
115735	151	60	67	237	235	238	19	20	21
82534	223	174	58	161	163	169	46	44	43
117801	190	191	212	201	202	223	211	212	233
100943	43	50	56	235	237	238	161	170	175
112308	116	105	99	188	188	182	50	41	37
126458	99	103	105	28	39	43	192	195	199
114090	252	251	248	187	141	78	47	33	15
124612	244	244	239	181	101	75	31	21	32
41450	211	204	203	141	103	59	17	12	12
120079	157	152	142	237	237	235	69	61	53
28264	88	88	88	34	34	33	136	144	145
125585	206	222	211	77	71	63	141	171	155
26495	247	247	247	35	37	39	164	161	159
110391	113	43	17	228	165	119	192	86	44
117683	175	173	165	92	89	83	202	202	201
124384	126	122	118	202	209	207	0	0	0
125703	210	211	206	125	120	108	246	247	246
126853	188	100	25	228	167	105	103	33	4
115614	184	162	133	115	55	66	223	224	225
29131	46	129	112	206	46	93	215	193	107
34788	72	64	50	21	21	18	138	121	113
84500	119	68	78	223	137	153	28	28	33
100942	112	100	85	193	178	155	1	1	1
118583	209	204	201	145	137	135	37	30	33
128619	104	112	94	171	156	142	195	195	194
115031	246	246	245	169	174	161	67	76	48
120914	117	112	114	168	167	171	43	40	43
114089	25	13	11	132	62	33	216	165	122
114456	190	169	165	141	134	130	26	20	19
117105	176	152	76	88	75	54	195	213	220
125342	141	79	64	227	224	217	176	170	162
128250	139	115	104	182	183	188	114	41	29
121286	200	211	222	78	84	73	135	141	143
128562	252	251	250	110	43	43	225	182	73
127008	95	142	66	33	40	45	211	225	200
90006	61	70	79	203	214	228	124	131	139
126643	91	89	91	143	145	148	198	197	203
23486	178	195	123	48	60	118	241	241	241
121717	0	0	173	222	215	16	2	4	74
114412	172	172	172	221	221	221	78	78	78
85892	193	189	166	83	33	34	151	104	80
123342	209	211	213	137	142	111	71	77	52
106550	119	106	94	198	190	181	250	250	248
119082	164	135	96	63	44	41	222	218	203
117735	119	112	102	63	53	33	185	179	168
116173	189	191	193	111	87	85	29	29	29
119308	228	229	232	77	88	27	142	142	144
122550	15	23	24	115	85	97	177	137	153
117360	129	130	121	229	227	221	57	59	48
102320	143	148	160	189	188	194	79	82	74
120263	252	252	253	195	198	202	90	93	92
29474	253	251	248	199	138	90	38	31	29
85939	167	149	138	223	218	208	49	46	48
117751	217	209	199	52	33	20	149	128	111
122547	31	30	26	132	131	133	179	187	201
101064	33	22	17	204	200	199	137	118	109
120754	180	130	103	234	228	223	161	20	39
117442	250	251	251	122	145	135	18	29	19
65547	179	91	99	252	252	252	40	39	44
127882	9	14	8	99	103	68	211	204	202
36984	172	156	143	145	116	113	237	228	206
110443	141	110	101	10	9	9	188	171	163
31270	146	145	132	247	248	249	17	17	17
63326	184	160	150	26	22	27	233	234	233
37713	205	205	203	25	25	25	122	121	118
94726	56	54	59	163	163	180	249	249	252
124634	173	138	43	146	142	134	221	221	222
76905	38	35	36	193	163	112	91	90	96
120495	249	249	249	131	137	145	186	189	191
54207	176	176	176	16	16	16	97	97	97
128354	214	214	215	151	148	154	83	75	74
128183	240	213	202	227	138	138	2	1	1
34627	218	218	218	113	113	113	6	6	6
113907	222	227	234	103	85	84	167	175	187
117797	149	185	209	123	129	123	50	60	67
107911	129	124	114	39	37	36	183	183	173
127609	253	253	253	62	58	57	159	156	155
110198	81	74	74	176	168	161	233	235	240
48657	214	212	181	151	110	73	180	161	132
120828	58	44	54	177	177	185	119	107	116
127529	132	127	122	168	167	165	48	45	43
24489	239	228	182	119	96	72	61	36	44
59229	251	250	251	213	212	224	20	99	180
126054	177	68	94	65	51	50	197	201	201
112902	45	42	28	198	214	204	113	104	83
114118	245	238	238	50	24	48	138	84	128
121352	49	91	136	10	15	22	19	43	73
100925	87	96	98	141	156	159	33	36	38
129812	235	233	227	190	172	144	94	72	49
120486	223	204	172	16	9	6	126	98	68
72819	252	251	246	18	15	15	155	132	102
129815	235	232	228	204	166	145	72	67	62
124825	229	220	222	145	119	125	18	31	51
109326	104	106	111	31	34	46	193	198	207
24254	42	43	34	148	135	117	84	85	64
106761	7	6	7	192	185	184	131	41	46
33966	234	234	235	103	97	98	166	157	147
90406	134	123	116	220	220	219	57	57	56
120875	216	216	216	145	138	139	82	30	32
115491	50	49	47	143	142	141	225	225	225
92648	168	152	147	24	20	24	91	80	85
114866	185	172	159	213	211	210	77	87	61
128252	135	113	93	222	215	195	34	33	34
121142	83	82	81	69	131	168	209	160	130
129259	140	130	126	226	225	223	71	51	44
58315	205	202	209	124	134	137	101	91	86
54191	238	235	242	87	78	89	201	152	171
84530	96	152	185	205	214	220	12	60	109
58849	158	122	80	27	26	18	230	221	209
25447	29	30	30	100	101	102	253	253	254
116864	45	36	45	222	224	228	174	172	175
119690	183	175	133	247	247	247	132	110	64
66979	43	45	38	252	252	252	122	125	111
128193	167	101	72	219	152	122	87	36	15
124404	25	30	44	242	241	239	124	124	123
128537	202	204	215	60	38	44	209	124	129
130158	59	64	82	11	128	205	126	136	161
130159	141	136	123	189	187	178	81	72	67
124403	105	99	101	20	20	24	175	170	172
121693	207	205	214	26	24	45	115	114	136
27877	161	160	159	18	17	24	57	53	66
130162	60	23	10	177	153	116	123	76	39
35760	7	6	5	72	72	71	231	230	227
130163	203	178	148	138	93	45	71	35	13
117929	28	28	28	144	144	144	213	213	213
128398	182	236	120	254	254	254	8	173	196
122533	53	53	49	254	254	254	124	125	119
88411	161	169	182	207	219	232	62	60	78
120300	120	123	126	189	187	184	26	25	24
101631	173	169	160	107	103	94	1	1	1
118993	225	232	239	97	102	132	32	33	54
130166	193	173	171	118	89	83	230	229	230
105980	168	147	140	229	226	224	39	38	39
130167	3	3	17	27	78	152	185	178	210
124807	132	105	88	66	44	34	250	250	249
121561	177	162	159	81	74	102	30	27	33
23316	167	99	69	239	239	239	209	204	202
130170	26	35	50	191	179	141	227	228	227
128136	208	168	73	103	53	22	229	218	171
55465	153	150	148	251	251	251	32	32	31
120637	163	56	60	244	222	205	178	143	140
97488	6	8	25	203	201	188	164	143	100
127541	35	33	32	102	94	88	150	151	154
115515	116	116	116	214	214	214	27	27	27
130175	31	58	134	241	242	245	108	125	172
109730	217	217	215	171	169	167	89	87	86
110097	214	219	217	165	136	111	36	28	29
101087	142	138	130	196	196	195	229	229	232
31945	133	84	72	68	44	45	211	183	164
106305	36	27	18	222	216	207	123	109	95
130178	17	81	169	2	9	24	91	170	217
130179	64	65	59	152	185	222	197	215	230
54553	142	211	225	80	85	76	133	144	117
105536	63	69	68	207	213	214	152	151	155
125982	57	69	89	197	178	161	212	193	170
102757	129	96	67	42	35	44	193	168	126
103943	168	159	169	204	200	211	50	45	42
102718	183	176	165	105	94	77	249	248	248
113984	58	41	33	207	61	94	167	204	135
89239	158	161	139	199	206	185	103	91	68
106564	235	224	193	193	168	125	61	49	37
124605	145	147	148	103	104	115	59	55	44
59699	233	233	232	72	76	78	150	151	150
86976	35	51	104	246	214	166	226	151	56
116175	147	100	83	187	165	152	87	53	44
127191	251	250	248	223	30	23	241	181	42
109783	253	252	251	201	193	164	88	71	46
78510	210	187	155	140	118	123	68	39	63
42628	42	46	47	176	175	174	112	115	115
129470	253	253	251	156	162	68	223	43	23
129767	62	66	65	253	253	253	177	161	148
118627	166	91	37	212	134	73	220	175	179
129768	242	242	243	196	193	181	144	144	107
40834	37	22	20	93	56	46	161	112	88
55450	125	105	90	252	252	251	187	176	168
128632	251	251	249	74	49	77	212	110	78
72288	141	192	195	9	12	6	79	80	83
117892	87	104	66	246	245	241	229	45	159
127243	241	241	234	118	120	116	13	18	33
30324	100	56	34	197	132	73	75	132	124
23469	38	93	106	225	225	225	173	96	80
125654	73	62	70	253	253	253	166	171	168
24091	231	231	231	5	5	5	120	120	120
85170	49	44	49	164	149	144	231	228	223
28404	108	91	93	230	228	228	217	75	75
107003	67	56	45	203	166	135	156	115	77
118821	27	24	24	201	193	198	96	86	89
120228	220	226	234	40	87	138	155	173	202
52241	94	96	104	162	159	151	22	28	49
124504	45	41	17	247	235	220	156	147	113
23522	11	16	33	111	114	138	39	51	78
126645	87	86	81	180	177	171	238	238	232
121141	187	173	169	129	100	78	51	42	34
115707	27	19	20	219	216	220	78	64	67
129786	75	70	86	140	129	124	224	203	190
74804	205	181	189	252	251	252	145	75	97
77680	39	28	26	156	102	86	210	195	195
127603	202	203	198	97	64	55	162	122	98
115125	223	217	213	24	17	25	121	111	112
130189	247	247	245	92	31	23	175	191	68
125250	67	143	218	198	200	206	97	88	95
130190	101	117	60	204	77	52	251	248	243
44021	184	175	163	109	105	101	63	61	63
129485	223	219	225	126	134	129	32	63	71
100164	122	117	112	55	55	54	200	205	204
50254	80	76	73	167	165	163	250	250	250
101743	68	68	68	248	248	248	195	195	195
84767	102	101	100	165	172	173	205	212	213
118797	194	139	101	4	4	4	42	43	47
129985	118	77	69	242	242	239	186	154	137
129986	66	42	25	146	101	64	197	169	134
110869	63	36	24	164	134	98	197	184	161
129992	128	124	122	212	212	206	39	31	34
129993	144	119	102	214	209	203	182	171	161
119518	136	96	62	238	242	230	33	20	18
97455	230	215	204	196	95	54	42	20	30
127837	249	249	249	159	159	159	206	206	206
126304	142	118	101	57	45	40	190	200	203
59241	159	151	150	241	239	240	11	10	11
129581	42	64	44	185	153	53	162	163	185
59400	141	133	122	70	65	61	199	194	184
128623	29	29	31	137	132	123	223	216	197
111866	186	133	47	129	76	22	66	33	10
64641	49	61	61	171	170	176	203	205	217
36166	221	221	221	129	129	129	46	46	46
110873	21	21	25	228	232	236	145	119	84
125966	156	158	160	30	29	29	127	98	98
118860	116	102	83	192	184	168	48	41	32
115651	47	19	16	126	72	61	201	174	142
129284	172	172	146	127	128	34	221	222	218
28709	177	106	91	92	64	52	176	194	193
106845	129	134	121	80	59	9	196	213	227
49402	101	90	76	214	219	215	220	218	24
129732	163	221	242	96	83	58	69	154	182
101069	56	54	53	118	115	109	188	187	182
121350	39	45	49	179	181	181	116	124	130
128678	244	243	243	222	65	52	212	205	202
120485	161	39	19	86	80	76	15	14	14
38477	125	121	123	70	101	154	61	66	81
116960	215	222	215	141	175	119	64	109	44
129994	152	154	156	201	201	200	87	95	104
114703	212	210	209	56	55	54	146	145	145
118918	72	58	91	253	253	253	218	164	127
119034	102	93	101	199	184	181	35	34	42
122587	36	34	33	251	251	251	119	118	118
128064	143	130	117	212	212	211	37	41	45
109337	223	211	204	42	29	24	142	118	103
114020	184	153	112	237	229	220	123	93	58
129951	118	74	21	25	15	6	226	186	93
129955	227	225	220	181	179	171	98	93	81
119783	128	123	128	103	101	108	20	24	33
121750	195	209	178	75	36	32	156	86	70
68925	173	155	149	30	26	26	241	244	247
129960	226	224	217	148	140	97	57	149	169
118158	231	231	230	169	170	167	79	79	77
29920	148	148	148	47	47	47	199	199	199
101282	213	192	138	241	241	242	125	162	204
89271	193	131	89	55	51	49	225	222	220
118070	71	76	91	176	163	151	219	219	221
126958	236	108	87	111	27	31	171	172	176
59360	135	120	110	45	38	41	204	206	203
105412	170	170	170	126	126	127	216	217	217
120298	206	208	206	55	57	59	147	145	139
85534	153	129	90	33	32	22	222	210	181
120725	210	40	34	146	58	56	127	39	38
32533	96	96	96	198	198	198	48	48	48
118684	78	45	28	159	114	82	222	222	223
125202	192	174	155	138	122	104	70	70	66
39356	216	218	220	81	75	74	159	152	141
123819	78	41	30	215	148	117	61	146	228
89812	178	178	174	114	89	86	241	242	242
120755	189	19	11	203	179	148	242	236	214
124613	235	233	230	184	177	158	134	120	87
100800	99	63	66	171	164	152	253	253	252
104811	213	189	176	113	84	57	200	37	29
127254	163	138	131	75	44	37	236	234	233
127237	139	134	116	65	69	68	213	219	197
114403	181	181	181	122	122	122	47	47	47
114870	217	216	207	129	130	102	39	54	39
35765	172	146	115	234	230	227	102	77	51
118585	128	108	84	197	189	180	228	228	229
23666	105	69	111	232	222	228	184	149	170
127936	179	127	73	233	221	202	126	69	22
38492	41	37	40	162	134	121	215	208	208
117805	186	201	208	123	115	113	34	33	35
116332	45	45	40	17	61	136	131	127	119
118904	72	44	34	191	172	145	140	110	82
78550	199	200	199	36	19	19	166	108	117
129875	206	189	179	168	97	70	38	24	14
89228	127	159	164	254	254	254	196	227	233
125322	100	92	90	156	148	147	209	210	214
100669	57	65	73	107	116	120	192	196	212
123961	77	64	47	201	174	139	22	21	15
40412	248	248	250	102	113	197	41	50	109
119373	171	178	176	141	126	84	78	60	28
119370	194	175	148	254	254	254	111	85	67
38884	226	226	226	30	30	30	138	138	138
94061	228	225	211	90	58	32	179	158	105
129541	192	189	185	11	10	8	76	72	68
117769	215	219	225	162	169	174	237	238	239
117335	28	74	89	29	159	189	151	180	161
121358	99	103	130	35	31	43	201	199	194
120299	185	187	187	54	54	55	137	133	130
81570	18	11	10	176	155	131	55	50	45
101249	163	131	128	248	248	247	111	35	30
129262	123	48	28	112	129	141	238	237	229
101749	210	205	190	63	74	62	112	117	120
121038	41	60	84	240	240	236	172	141	118
53749	36	57	38	254	254	253	118	115	74
117754	80	74	63	160	158	149	219	220	216
113841	130	90	100	39	35	35	219	213	214
98398	147	147	147	228	228	228	88	86	80
129273	99	153	145	195	201	201	38	101	110
28742	43	42	37	216	222	233	148	146	139
121981	189	200	227	78	88	119	1	1	3
92271	109	144	163	100	129	143	183	178	170
121345	55	22	27	192	126	104	7	48	155
100897	39	51	71	123	198	217	126	130	128
101016	199	196	188	234	232	228	152	115	75
116924	95	93	98	176	175	181	45	40	43
124405	7	7	8	183	184	192	100	99	102
106479	221	218	209	52	48	43	126	114	99
126066	188	180	180	94	104	129	32	32	39
56155	54	43	28	130	113	92	195	177	161
130161	186	219	236	138	129	96	45	40	33
55453	141	118	104	243	238	232	24	23	19
105976	120	115	113	57	57	57	221	207	200
130164	67	61	43	137	129	89	197	204	184
101242	85	83	81	160	159	158	245	245	246
90096	55	51	54	123	120	122	204	211	227
130169	20	5	2	134	40	20	237	186	141
130168	114	84	84	175	149	146	206	208	218
130171	115	54	18	32	18	9	184	110	39
130174	220	225	229	105	114	124	6	6	6
127941	213	213	213	44	44	44	129	129	129
130173	103	65	62	178	145	142	30	29	40
128787	232	220	210	176	158	146	86	78	77
118596	223	206	187	177	140	92	52	70	91
124625	180	224	228	130	190	198	140	120	118
119694	47	39	31	176	139	103	219	219	220
95239	85	92	92	216	227	231	144	164	174
115206	138	136	137	23	22	25	198	201	202
115329	58	58	58	123	123	123	220	220	220
129519	186	162	143	165	91	59	40	18	11
120587	154	119	101	251	248	247	84	44	37
74817	68	34	21	232	215	202	162	130	108
108793	212	212	212	16	16	16	130	130	130
129771	124	107	100	162	183	212	58	53	48
126574	8	8	8	65	65	65	213	213	213
114633	58	54	49	139	162	150	47	84	156
28748	57	44	37	214	213	212	144	128	113
121980	227	227	226	196	159	134	24	27	45
130188	249	247	246	155	62	52	218	183	95
129984	78	72	47	146	147	133	205	210	208
126835	161	160	157	34	33	32	85	74	63
129987	86	75	86	239	235	226	197	188	160
119508	140	110	97	44	29	45	247	241	235
129991	131	123	109	70	61	59	166	165	157
126423	3	3	3	115	115	115	52	52	52
129856	193	178	164	52	63	48	114	117	102
28032	124	124	124	189	189	189	44	44	44
119357	249	249	246	221	204	158	176	149	94
118385	249	249	249	99	113	126	206	206	205
114704	225	210	199	146	59	20	12	13	12
96635	70	67	53	136	138	134	243	247	241
125646	185	156	142	109	60	67	232	232	233
129256	129	121	102	73	65	48	186	185	181
28035	34	34	24	205	198	179	118	100	79
117818	240	239	233	208	204	193	91	84	81
123850	194	166	140	69	52	32	134	93	78
125411	198	213	218	20	99	190	142	107	74
109777	38	38	38	116	117	113	196	197	190
124005	77	43	38	153	74	63	208	206	204
50759	204	209	211	150	147	154	84	69	64
124433	20	16	16	207	211	223	166	134	121
128400	104	75	61	245	63	44	254	253	253
115929	230	223	201	172	150	118	80	55	61
129678	178	175	173	98	96	93	133	130	128
127507	153	113	98	228	207	198	34	29	27
104828	228	228	228	148	132	118	207	179	155
89226	144	125	88	135	116	80	84	67	32
108718	38	37	42	188	161	158	87	88	94
120907	31	40	49	224	225	225	18	108	161
129688	195	205	195	105	110	117	33	31	39
115977	110	99	94	197	188	186	15	14	18
126570	245	242	235	97	59	35	198	161	118
129691	165	30	109	196	191	197	59	12	50
24088	197	202	166	149	158	133	112	68	54
102716	204	198	192	49	50	52	134	134	128
117699	234	235	231	164	166	152	39	49	16
114487	126	31	49	197	177	164	15	108	173
124502	206	176	153	142	98	70	243	243	244
80695	254	254	254	191	129	32	227	165	50
128248	58	65	53	11	15	14	91	149	125
103549	133	95	73	204	179	152	242	243	246
129808	185	165	160	229	227	230	127	80	71
115690	237	242	243	200	205	206	136	138	125
114498	76	23	79	254	253	252	162	124	136
119078	36	33	19	194	196	160	100	96	67
91623	228	218	193	169	138	135	103	42	86
108875	100	100	97	28	28	26	206	206	199
129816	239	236	234	211	153	130	106	66	41
116803	106	96	92	63	48	35	181	184	194
100796	95	67	84	227	225	228	171	140	177
120077	93	82	54	159	149	130	192	186	174
123435	57	56	51	116	131	138	194	193	188
91680	153	148	134	189	197	201	97	78	60
119580	116	77	32	254	254	253	220	184	101
126856	209	95	105	61	58	22	158	180	88
129628	188	116	57	91	56	40	26	15	12
26853	203	200	199	177	130	119	120	61	58
127045	208	201	198	133	95	90	28	20	19
121689	13	15	42	176	196	244	65	79	135
126552	161	98	75	195	179	157	71	38	42
129556	46	33	13	122	91	54	213	175	125
127339	148	113	108	22	15	32	173	192	221
91702	28	27	36	248	247	249	152	150	153
86741	129	132	131	182	188	189	251	252	252
48871	220	127	124	249	248	248	200	41	40
106304	216	214	214	122	49	16	179	99	32
97294	243	233	217	219	205	184	109	101	96
108955	209	202	186	98	111	101	194	168	136
124431	19	17	19	199	203	222	172	120	105
117835	144	129	96	171	178	181	73	68	45
81997	129	128	127	240	239	239	55	55	53
91779	133	124	119	46	42	42	222	222	221
127626	38	30	28	233	228	219	204	119	81
127244	107	72	48	172	127	97	188	172	164
121811	57	59	81	11	13	19	192	189	208
124496	211	174	125	120	82	45	157	127	94
129810	114	91	86	237	236	239	203	172	159
117388	175	202	219	228	237	243	150	166	158
78547	188	189	184	116	113	108	27	27	27
54813	178	181	180	253	253	253	215	217	217
129468	251	251	250	222	74	61	32	179	197
78832	80	53	36	167	162	154	119	109	96
59539	130	127	121	35	31	30	225	222	210
117744	72	59	44	145	144	133	202	202	196
51251	228	232	229	127	145	158	71	90	101
129330	67	50	25	204	134	64	218	204	184
98085	129	66	42	220	32	20	210	194	175
116660	47	45	44	176	174	167	122	115	103
90408	65	65	51	130	179	193	224	231	224
124711	191	176	180	42	37	53	102	82	100
124454	34	42	57	130	162	195	80	97	126
129766	22	24	32	112	107	107	155	155	159
91055	136	134	140	51	48	46	205	205	210
126572	59	59	59	114	114	114	185	185	185
87857	126	124	119	191	189	189	64	69	67
64867	239	88	94	56	56	45	254	254	254
129857	93	109	49	34	40	28	233	219	199
127731	36	30	47	254	254	253	177	135	110
84759	227	227	224	54	112	110	134	166	162
44791	52	31	26	114	94	86	182	175	171
118540	190	185	187	140	105	101	52	51	67
124593	108	41	40	144	138	126	111	108	100
129544	22	16	10	224	206	200	168	125	100
34956	199	191	186	91	90	90	34	29	27
80698	176	168	23	226	195	178	76	79	73
101740	7	7	7	184	185	181	113	113	110
23768	132	98	99	203	174	159	238	239	240
121545	24	47	54	159	123	101	238	237	239
129783	69	115	148	209	197	184	200	80	63
80704	45	36	29	69	58	46	98	90	83
127627	238	237	229	189	179	166	29	69	58
117696	107	93	81	231	233	239	188	176	163
103560	158	139	126	242	227	214	35	31	28
93104	213	196	179	226	224	236	90	89	95
129576	172	178	189	65	77	33	87	101	46
129789	144	119	106	202	191	178	61	49	58
59977	57	48	39	155	131	98	228	214	202
101527	52	35	39	214	199	198	143	126	123
87511	22	19	21	191	161	145	77	69	73
128992	164	135	136	246	241	239	116	57	73
127815	91	114	68	179	178	174	13	16	15
103548	193	194	192	124	120	108	28	25	23
106556	248	248	249	184	179	177	53	51	51
104914	127	128	120	186	190	189	68	67	56
106073	165	164	92	228	228	227	34	37	82
124362	106	85	63	171	141	112	13	14	9
101283	231	230	229	103	89	76	158	144	131
55452	173	171	173	212	212	212	72	36	77
124527	248	248	248	86	132	79	197	205	196
122979	210	204	191	53	35	24	140	125	98
105659	215	204	186	137	123	116	81	59	57
104015	53	51	54	99	100	100	184	183	176
125712	12	11	11	213	173	149	87	86	88
123009	149	135	118	12	10	14	70	61	70
128173	247	247	247	216	217	214	121	121	119
63887	75	65	48	162	110	83	207	192	138
89273	152	161	176	73	85	122	238	238	238
86890	219	228	228	83	77	76	135	154	151
115615	220	219	219	56	56	56	160	159	158
129634	25	28	30	242	246	245	166	197	161
34306	138	134	149	98	90	92	175	174	202
44309	125	128	116	31	34	31	160	162	152
125329	105	58	52	185	163	147	237	226	222
90013	213	214	214	133	131	130	30	26	23
129518	26	16	13	207	191	170	134	103	79
104077	235	230	219	132	60	64	221	149	145
128253	247	239	233	46	42	43	194	175	164
83275	36	32	30	208	203	202	121	116	113
127816	87	100	77	19	24	30	170	179	168
125203	126	117	100	216	58	28	23	40	21
127810	109	108	101	29	35	24	176	181	195
114942	107	90	88	184	170	166	44	31	28
125319	165	191	194	17	24	25	73	96	98
121045	169	195	220	228	228	228	100	147	203
117796	26	51	113	161	166	148	62	49	37
100810	170	157	148	116	99	83	216	211	213
39996	143	56	57	43	19	19	217	77	78
38196	182	186	185	15	18	15	103	103	99
29872	156	147	136	184	178	170	76	60	48
119151	205	188	136	148	122	60	232	238	232
91658	73	81	79	18	18	18	31	32	32
116377	74	99	88	203	140	114	234	232	228
128610	162	139	128	218	215	214	69	57	45
100895	122	132	157	238	236	228	71	45	59
122853	211	208	197	235	234	230	106	139	137
120744	179	15	37	213	117	111	253	251	249
76744	54	49	52	129	113	105	188	187	178
114450	204	206	211	165	167	174	99	101	113
120594	39	26	25	250	246	245	146	53	49
122097	106	79	52	54	45	26	175	124	102
27206	51	46	50	220	217	214	127	123	123
127063	192	184	183	141	82	97	224	223	225
54790	159	205	179	254	254	254	81	102	96
127190	252	251	250	185	112	60	236	202	156
115237	89	63	42	191	176	165	170	125	86
127136	214	209	188	54	48	37	159	142	113
125328	19	20	26	192	199	188	102	107	110
129553	203	213	222	58	54	45	122	134	143
114706	33	33	33	107	107	107	188	188	188
115245	45	48	47	251	251	251	150	152	151
49414	136	136	136	232	233	233	30	30	30
119374	254	254	253	186	150	75	74	48	15
124172	174	184	192	80	91	96	124	134	138
118678	227	227	225	205	204	202	170	171	166
127257	253	253	253	148	137	120	41	41	38
123818	64	55	52	117	187	229	214	174	132
27150	254	254	254	246	207	147	161	62	32
123816	211	215	203	100	70	51	68	181	207
100888	161	178	196	213	216	235	33	78	86
98814	215	190	188	250	249	250	206	85	104
129950	41	19	17	102	58	50	179	121	92
115124	18	18	18	94	94	94	218	218	218
81688	134	132	126	177	177	177	101	85	64
129956	235	236	235	178	178	174	39	39	38
129958	75	91	117	184	198	216	219	194	81
124002	43	54	71	132	133	133	196	196	196
119145	139	98	51	244	244	243	197	163	107
30210	106	106	106	38	38	38	180	180	180
119736	160	131	116	49	37	30	112	88	78
129965	64	54	50	150	146	142	243	244	245
129809	62	43	45	206	203	197	150	121	109
95220	108	71	69	173	149	134	184	180	198
106329	176	122	59	79	49	24	134	83	33
119083	208	188	156	124	102	78	51	41	33
121338	178	180	185	223	223	226	124	126	131
102819	204	204	200	127	124	122	70	66	70
125812	72	61	46	196	195	195	176	151	155
64985	143	143	143	58	58	58	231	231	231
50470	110	106	99	214	216	218	175	174	177
108175	121	111	101	206	202	194	29	26	25
27014	44	33	23	120	87	58	230	226	225
74395	127	124	123	192	183	182	83	77	76
117764	222	220	217	156	153	146	242	242	240
126784	159	155	153	32	29	27	216	218	217
101963	76	65	76	135	127	141	211	186	194
118874	132	99	92	214	218	223	42	35	34
121226	75	91	111	175	185	186	24	27	38
103388	48	50	60	114	117	124	182	184	190
102722	121	121	123	231	230	230	66	58	54
47747	12	10	11	147	166	157	54	59	61
116480	39	7	9	126	121	115	18	90	159
127516	160	177	203	97	114	141	22	29	38
116902	119	120	106	185	185	184	39	52	38
127618	200	189	178	239	237	229	61	87	114
25674	226	226	225	122	122	120	45	45	44
115331	213	213	213	133	133	133	27	27	27
120745	155	125	111	67	20	17	230	226	216
86349	186	191	173	42	34	54	103	92	88
127528	22	22	22	247	247	247	128	128	128
25642	88	69	73	242	228	195	163	155	132
121269	225	212	196	186	164	144	84	69	62
118469	214	216	210	178	179	159	118	50	33
117893	150	167	166	252	253	252	76	76	77
123431	45	39	37	230	226	223	140	118	105
99495	196	196	174	142	136	107	65	62	43
120756	37	17	17	188	178	177	120	109	110
124314	204	170	120	36	24	25	110	81	61
127062	83	39	41	189	87	136	202	198	198
59930	210	203	192	173	117	56	48	34	23
32492	39	42	40	122	119	115	187	185	181
121366	89	94	109	29	29	46	171	170	178
117900	176	57	89	247	247	247	186	173	162
30814	175	184	186	57	50	48	97	99	100
84513	246	239	222	157	130	115	204	186	170
127512	74	74	74	192	192	192	103	103	103
68727	207	203	184	138	106	69	62	45	25
126033	30	34	36	129	133	122	209	209	196
24938	84	74	67	150	143	136	207	208	208
124831	195	141	99	217	218	211	62	143	153
129268	222	217	214	137	103	70	194	162	139
50641	58	35	21	233	222	213	182	139	109
85530	172	146	136	76	62	62	231	233	233
122525	31	30	30	140	92	95	253	253	252
119028	179	173	172	69	66	71	12	11	13
128561	110	63	26	193	129	104	252	251	250
128188	245	241	232	204	117	86	178	65	44
125219	130	110	98	220	193	176	19	17	13
50710	24	24	24	209	209	209	103	103	103
121804	208	208	205	30	20	56	143	138	131
122855	208	217	210	248	249	247	159	184	171
66913	44	44	44	121	121	121	196	196	196
115654	7	7	7	208	208	208	120	120	120
124599	36	36	26	104	104	87	185	183	166
29739	204	207	206	136	124	89	78	83	48
123780	87	57	43	191	182	168	16	120	195
127885	230	188	163	42	32	19	162	88	66
103547	31	29	26	248	227	170	111	84	63
119135	128	90	45	176	137	85	223	198	171
129769	46	39	51	154	133	137	250	250	249
126125	167	159	140	132	102	79	78	71	68
129772	90	131	182	6	17	32	46	59	61
119911	206	155	116	19	13	8	101	77	47
116365	52	148	242	1	12	41	6	81	168
55445	135	149	120	234	234	229	76	89	63
129773	98	87	81	32	30	29	151	168	187
118979	10	8	8	155	107	75	71	47	36
96713	160	185	202	77	66	42	36	26	15
91437	145	143	142	204	204	204	79	73	67
29138	82	78	74	223	182	198	109	105	104
87531	193	196	199	159	155	131	91	95	64
122384	35	30	30	155	133	126	89	73	74
129787	60	48	70	211	182	158	156	123	124
84762	223	221	223	44	74	112	116	150	158
129790	64	50	71	140	120	111	209	200	179
29608	34	20	20	88	71	56	155	142	128
129983	67	76	62	123	146	177	179	191	217
93843	47	40	33	193	193	188	140	134	117
120783	209	50	65	250	68	107	132	33	36
101637	254	254	254	231	230	230	197	194	188
126382	10	18	24	213	188	179	105	59	65
124732	51	44	47	219	220	220	137	108	100
121014	18	49	76	124	131	139	250	249	249
30726	211	190	152	105	89	73	26	20	17
129988	95	73	50	230	226	213	164	146	123
129990	125	206	217	46	102	132	224	86	145
118798	9	6	4	237	214	187	143	93	69
129627	48	32	13	109	67	28	238	227	198
25400	174	203	200	45	43	35	96	106	96
92428	52	50	47	190	186	180	119	111	98
129996	165	65	51	182	152	130	232	232	229
37897	86	115	139	18	30	56	130	185	224
126443	133	96	100	254	253	253	107	60	60
127111	163	167	170	81	88	91	1	0	1
98078	217	220	207	37	42	40	154	165	155
129623	123	131	125	180	193	184	35	35	39
118921	243	241	240	172	137	113	40	28	22
125590	154	153	129	53	59	60	210	204	182
127910	189	189	176	21	15	17	112	104	94
127311	46	45	44	131	118	68	204	183	83
121040	159	141	133	205	199	192	69	40	43
104987	244	244	244	135	135	135	12	12	12
32675	192	199	197	62	65	67	122	128	130
115199	119	114	84	194	164	10	202	197	173
128551	191	30	19	58	33	27	155	124	95
126972	174	160	157	109	85	77	223	224	229
129997	34	64	85	129	139	145	223	222	221
129903	76	73	71	171	172	168	193	199	203
108602	48	48	48	229	229	229	128	128	128
91657	93	88	79	243	243	243	177	172	162
95028	188	187	188	161	147	140	222	221	214
128506	151	150	151	74	75	78	219	220	220
38228	141	133	127	191	192	194	59	43	28
119904	236	230	223	155	203	229	197	138	97
100574	150	140	127	65	55	51	212	210	207
100891	224	170	34	219	219	216	135	87	31
