100173	15.7281553398	0.43829787234	0.460784313725	60.0	0.0153846153846	0.127450980392	48.8687782805	0.932489451477	0.535294117647	205.714285714	0.0693069306931	0.801960784314	36.0	0.0724637681159	0.270588235294	195.0	0.0909090909091	0.913725490196	154.285714286	0.0334928229665	0.409803921569	72.0	0.0423728813559	0.537254901961	165.0	0.0243902439024	0.678431372549	47.4251497006	0.799043062201	0.409803921569
100889	45.7142857143	0.0878661087866	0.46862745098	37.5	0.115942028986	0.729411764706	32.0	0.272727272727	0.892156862745	36.3636363636	0.174603174603	0.629411764706	359.05511811	0.559471365639	0.445098039216	204.0	0.106382978723	0.0921568627451	96.0	0.0595238095238	0.329411764706	27.3913043478	0.438095238095	0.588235294118	2.5	0.393442622951	0.239215686275	32.6315789474	0.428571428571	0.739215686275
100926	330.0	0.0454545454545	0.913725490196	37.5	0.0588235294118	0.733333333333	30.0	0.0444444444444	0.647058823529	33.0	0.121951219512	0.321568627451	15.0	0.0666666666667	0.882352941176	36.9230769231	0.188405797101	0.135294117647	36.0	0.0655021834061	0.550980392157	36.0	0.0892857142857	0.439215686275	30.0	0.0681818181818	0.827450980392	240.0	0.047619047619	0.958823529412
100809	23.7362637363	0.374485596708	0.523529411765	21.1363636364	0.494382022472	0.349019607843	7.82608695652	0.560975609756	0.0803921568627	22.6666666667	0.401785714286	0.439215686275	12.8571428571	0.666666666667	0.164705882353	28.4615384615	0.448275862069	0.658823529412	25.2272727273	0.423076923077	0.592156862745	17.7777777778	0.618320610687	0.256862745098	28.5245901639	0.458646616541	0.739215686275	0.0	0.0	0.0
100923	46.6666666667	0.171974522293	0.692156862745	21.9230769231	0.232142857143	0.439215686275	25.1162790698	0.34126984127	0.494117647059	23.0769230769	0.333333333333	0.305882352941	20.6896551724	0.302083333333	0.376470588235	21.9718309859	0.336492890995	0.413725490196	23.5443037975	0.341991341991	0.452941176471	28.8461538462	0.208	0.490196078431	35.7446808511	0.214611872146	0.570588235294	186.666666667	0.333333333333	0.947058823529
100891	180.0	0.428571428571	0.986274509804	45.0	0.0512820512821	0.694117647059	43.734939759	0.855670103093	0.619607843137	40.5235602094	0.880184331797	0.425490196078	30.0	0.527272727273	0.21568627451	72.0	0.0793650793651	0.876470588235	44.039408867	0.815261044177	0.511764705882	36.7164179104	0.275720164609	0.476470588235	40.0	0.0491803278689	0.760784313725	31.3043478261	0.841463414634	0.321568627451
100085	0.0	0.0	0.811764705882	0.0	0.0	0.133333333333	0.0	0.0	0.435294117647	0.0	0.0	0.925490196078	0.0	0.0	0.00392156862745	0.0	0.0	0.219607843137	0.0	0.0	0.996078431373	0.0	0.0	0.325490196078	0.0	0.0	0.705882352941	0.0	0.0	0.560784313725
100668	205.11627907	0.171314741036	0.507843137255	208.0	0.151515151515	0.611764705882	16.5671641791	0.761363636364	0.345098039216	31.1320754717	0.438016528926	0.525490196078	12.0	0.045871559633	0.786274509804	252.0	0.0261780104712	0.374509803922	186.226415094	0.757142857143	0.274509803922	240.0	0.0206896551724	0.71568627451	15.0	0.190476190476	0.164705882353	0.0	0.0149253731343	0.86862745098
100347	146.25	0.114285714286	0.274509803922	56.0	0.0697674418605	0.578431372549	353.658536585	0.745454545455	0.323529411765	55.3846153846	0.0838709677419	0.696078431373	28.2352941176	0.28813559322	0.11568627451	24.0	0.333333333333	0.0294117647059	72.8571428571	0.0736842105263	0.372549019608	78.0	0.138888888889	0.858823529412	150.0	0.166666666667	0.188235294118	13.5	0.392156862745	0.2
100667	54.495412844	0.441295546559	0.48431372549	46.3636363636	0.211538461538	0.407843137255	39.3103448276	0.367088607595	0.845098039216	43.5	0.215053763441	0.635294117647	213.333333333	0.107569721116	0.492156862745	210.0	0.221153846154	0.592156862745	90.0	0.527777777778	0.141176470588	68.0	0.104895104895	0.280392156863	209.411764706	0.305389221557	0.672549019608	218.823529412	0.261538461538	0.382352941176
100798	220.0	0.0491803278689	0.641176470588	23.119266055	0.582887700535	0.366666666667	17.3333333333	0.692307692308	0.127450980392	186.913580247	0.9604743083	0.503921568627	204.590163934	0.530434782609	0.450980392157	22.3404255319	0.854545454545	0.21568627451	199.00990099	0.706293706294	0.719607843137	13.8461538462	0.565217391304	0.0450980392157	30.4347826087	0.346733668342	0.609803921569	127.5	0.444444444444	0.964705882353
100356	341.052631579	0.204301075269	0.182352941176	300.0	0.2	0.117647058824	18.0	0.238095238095	0.505882352941	23.7931034483	0.292929292929	0.611764705882	48.0	0.25641025641	0.847058823529	0.0	0.222222222222	0.282352941176	12.2222222222	0.272727272727	0.388235294118	240.0	0.414634146341	0.0803921568627	31.3043478261	0.333333333333	0.729411764706	193.333333333	0.0491803278689	0.358823529412
100167	30.0	0.018018018018	0.564705882353	27.2727272727	0.141025641026	0.305882352941	30.0	0.0396825396825	0.494117647059	195.0	0.0363636363636	0.21568627451	96.0	0.121951219512	0.0803921568627	180.0	0.0344827586207	0.943137254902	60.0	0.0314465408805	0.688235294118	45.0	0.020202020202	0.611764705882	26.0869565217	0.111111111111	0.405882352941	60.0	0.0224719101124	0.650980392157
100168	73.3333333333	0.0666666666667	0.264705882353	54.7826086957	0.0978723404255	0.539215686275	132.0	0.047619047619	0.205882352941	56.4705882353	0.0909090909091	0.366666666667	204.0	0.77380952381	0.329411764706	168.0	0.0666666666667	0.147058823529	197.454545455	0.478260869565	0.774509803922	180.0	0.0666666666667	0.0882352941176	55.0	0.127659574468	0.63137254902	201.272727273	0.474137931034	0.545098039216
100340	48.0	0.0602409638554	0.837254901961	36.0	0.0909090909091	0.107843137255	37.5	0.078431372549	0.2	42.8571428571	0.0714285714286	0.61568627451	46.1538461538	0.0588235294118	0.433333333333	42.8571428571	0.0614035087719	0.552941176471	43.6363636364	0.0643274853801	0.335294117647	0.0	0.0	0.996078431373	47.1428571429	0.0564516129032	0.486274509804	45.0	0.08	0.705882352941
100816	0.0	0.217391304348	0.0901960784314	350.0	0.0267857142857	0.560784313725	0.0	0.0285714285714	0.656862745098	0.0	0.030303030303	0.805882352941	0.0	0.684210526316	0.0372549019608	342.857142857	0.0300429184549	0.456862745098	0.0	0.0449438202247	0.349019607843	6.66666666667	0.0841121495327	0.209803921569	173.75	0.827586206897	0.113725490196	0.0	0.0	0.996078431373
100807	80.0	0.157894736842	0.962745098039	47.1428571429	0.777777777778	0.894117647059	46.4516129032	0.121568627451	0.5	37.5	0.093023255814	0.83137254902	46.4788732394	0.470198675497	0.703921568627	45.0	0.125	0.376470588235	45.5172413793	0.151832460733	0.625490196078	45.8181818182	0.578947368421	0.813725490196	43.6363636364	0.180327868852	0.239215686275	47.1428571429	0.107692307692	0.745098039216
100192	28.5714285714	0.155555555556	0.264705882353	29.0909090909	0.221476510067	0.707843137255	30.0	0.301886792453	0.792156862745	29.0909090909	0.190751445087	0.660784313725	30.0	0.146788990826	0.427450980392	30.0	0.168316831683	0.603921568627	40.0	0.130434782609	0.0450980392157	29.0909090909	0.255813953488	0.747058823529	30.0	0.142857142857	0.533333333333	32.1428571429	0.388888888889	0.858823529412
100812	348.428571429	0.769230769231	0.356862745098	357.692307692	0.722222222222	0.0705882352941	353.532934132	0.932960893855	0.350980392157	345.586592179	0.76170212766	0.539215686275	170.0	0.130434782609	0.909803921569	30.0	0.051724137931	0.772549019608	351.794871795	0.866666666667	0.264705882353	352.987012987	0.865168539326	0.174509803922	351.0	0.16	0.490196078431	348.131868132	0.8125	0.439215686275
100881	10.7462686567	0.656862745098	0.6	27.8048780488	0.221621621622	0.637254901961	25.3846153846	0.2	0.254901960784	45.0	0.105263157895	0.925490196078	30.6976744186	0.178423236515	0.472549019608	21.4285714286	0.189189189189	0.854901960784	40.0	0.142857142857	0.958823529412	27.8571428571	0.21875	0.749019607843	26.6666666667	0.169811320755	0.896078431373	9.20792079208	0.841666666667	0.470588235294
100194	18.0	0.0909090909091	0.56862745098	75.0	0.177777777778	0.823529411765	328.888888889	0.36	0.147058823529	83.3333333333	0.272727272727	0.870588235294	74.1176470588	0.168316831683	0.801960784314	31.7647058824	0.100591715976	0.66862745098	356.25	0.0683760683761	0.458823529412	345.714285714	0.128834355828	0.319607843137	80.0	0.333333333333	0.911764705882	56.4705882353	0.133858267717	0.750980392157
100778	28.8	0.2	0.509803921569	300.0	0.157407407407	0.576470588235	291.724137931	0.221374045802	0.256862745098	342.5	0.126315789474	0.372549019608	42.0	0.454545454545	0.956862745098	315.0	0.139534883721	0.83137254902	55.1020408163	0.590361445783	0.837254901961	248.4	0.217391304348	0.450980392157	288.0	0.177304964539	0.723529411765	44.1666666667	0.423529411765	0.666666666667
100166	270.0	0.0178571428571	0.780392156863	19.3548387097	0.16577540107	0.366666666667	17.6470588235	0.20987654321	0.476470588235	180.0	0.0169491525424	0.11568627451	21.4285714286	0.252252252252	0.564705882353	27.5	0.387096774194	0.756862745098	24.406779661	0.322404371585	0.641176470588	210.0	0.025641025641	0.847058823529	12.0	0.04	0.245098039216	26.4	0.328947368421	0.701960784314
100787	31.3043478261	0.165467625899	0.727450980392	7.09677419355	0.379591836735	0.480392156863	28.4210526316	0.211111111111	0.647058823529	31.2	0.112107623318	0.437254901961	43.6363636364	0.104761904762	0.794117647059	28.8888888889	0.161676646707	0.327450980392	22.2222222222	0.230769230769	0.229411764706	0.681818181818	0.511627906977	0.337254901961	228.0	0.0909090909091	0.892156862745	19.6153846154	0.242990654206	0.580392156863
100171	20.7272727273	0.567010309278	0.190196078431	26.8085106383	0.394957983193	0.466666666667	0.0	0.307692307692	0.0509803921569	60.0	0.2	0.990196078431	24.9438202247	0.465968586387	0.374509803922	30.0	0.0229885057471	0.658823529412	28.0434782609	0.422018348624	0.572549019608	32.7272727273	0.126436781609	0.829411764706	22.962962963	0.566433566434	0.280392156863	30.3797468354	0.503184713376	0.692156862745
100800	337.808219178	0.470967741935	0.303921568627	40.0	0.113924050633	0.690196078431	39.0	0.1	0.607843137255	31.3043478261	0.102222222222	0.441176470588	37.5	0.137931034483	0.772549019608	0.0	0.0	0.996078431373	33.9130434783	0.134502923977	0.335294117647	347.307692308	0.722222222222	0.141176470588	36.0	0.223880597015	0.86862745098	37.1428571429	0.0871369294606	0.527450980392
100169	220.0	0.142857142857	0.0411764705882	171.428571429	0.212121212121	0.870588235294	115.555555556	0.194244604317	0.272549019608	128.571428571	0.118644067797	0.11568627451	21.0909090909	0.760368663594	0.574509803922	105.6	0.149700598802	0.327450980392	217.639751553	0.777777777778	0.594117647059	53.3333333333	0.0373443983402	0.472549019608	123.75	0.163265306122	0.192156862745	90.0	0.148514851485	0.603921568627
100801	0.0	0.00518134715026	0.621568627451	25.7142857143	0.0311111111111	0.558823529412	32.3076923077	0.135416666667	0.623529411765	270.0	0.0151515151515	0.741176470588	0.0	0.00621118012422	0.68431372549	240.0	0.00952380952381	0.794117647059	30.0	0.0396825396825	0.505882352941	30.0	0.0740740740741	0.211764705882	35.0	0.0697674418605	0.337254901961	32.3076923077	0.0588235294118	0.433333333333
100763	212.727272727	0.154929577465	0.139215686275	260.0	0.0909090909091	0.0647058823529	194.285714286	0.35	0.235294117647	206.25	0.177777777778	0.176470588235	240.0	0.5	0.0078431372549	192.43902439	0.405940594059	0.396078431373	191.764705882	0.408	0.490196078431	217.5	0.133333333333	0.117647058824	193.333333333	0.386503067485	0.319607843137	214.285714286	0.142857142857	0.0960784313725
100095	4.0	0.0877192982456	0.664705882353	343.636363636	0.0628571428571	0.343137254902	349.090909091	0.126436781609	0.170588235294	5.45454545455	0.0973451327434	0.778431372549	25.7142857143	0.148936170213	0.907843137255	24.9152542373	0.766233766234	0.301960784314	355.384615385	0.057268722467	0.554901960784	0.0	0.208333333333	0.0941176470588	345.0	0.0967741935484	0.243137254902	350.0	0.0526315789474	0.447058823529
100337	0.0	0.0	0.996078431373	33.3333333333	0.152542372881	0.76862745098	29.5238095238	0.422818791946	0.292156862745	34.8387096774	0.171270718232	0.645098039216	210.0	0.100917431193	0.427450980392	211.764705882	0.140495867769	0.237254901961	208.421052632	0.0769230769231	0.51568627451	30.0	0.30303030303	0.388235294118	31.5254237288	0.235059760956	0.492156862745	40.0	0.115384615385	0.898039215686
100196	65.5555555556	0.241071428571	0.439215686275	67.5	0.25	0.560784313725	61.3043478261	0.244680851064	0.36862745098	65.4545454545	0.275	0.686274509804	60.0	0.0625	0.0627450980392	67.7777777778	0.278350515464	0.619607843137	55.2631578947	0.260273972603	0.286274509804	67.3684210526	0.225296442688	0.503921568627	50.4	0.274725274725	0.178431372549	27.6923076923	0.183098591549	0.860784313725
100670	24.0	0.294117647059	0.966666666667	20.3571428571	0.297872340426	0.36862745098	16.0	0.114503816794	0.256862745098	30.0	0.025641025641	0.152941176471	11.7073170732	0.170124481328	0.527450980392	5.58139534884	0.288590604027	0.707843137255	18.0	0.135135135135	0.854901960784	4.28571428571	0.25	0.780392156863	24.0	0.0666666666667	0.705882352941	8.37209302326	0.225130890052	0.625490196078
100893	198.181818182	0.354838709677	0.817647058824	84.0	0.0510204081633	0.38431372549	354.090909091	0.616822429907	0.419607843137	207.096774194	0.627530364372	0.48431372549	76.3636363636	0.0621468926554	0.652941176471	60.0	0.0361445783133	0.511764705882	18.0821917808	0.32735426009	0.562745098039	168.0	0.0684931506849	0.143137254902	204.0	0.238095238095	0.0411764705882	180.0	0.102362204724	0.249019607843
100766	28.2352941176	0.414634146341	0.919607843137	28.0	0.789473684211	0.962745098039	356.571428571	0.724137931034	0.71568627451	354.0	0.769230769231	0.643137254902	14.5454545455	0.464788732394	0.860784313725	354.87804878	0.362831858407	0.443137254902	352.659574468	0.740157480315	0.501960784314	0.0	0.628318584071	0.778431372549	352.960893855	0.774891774892	0.547058823529	353.13253012	0.805825242718	0.596078431373
100814	80.7692307692	0.134020618557	0.380392156863	357.358490566	0.888268156425	0.350980392157	156.0	0.0684931506849	0.856862745098	26.2068965517	0.554140127389	0.307843137255	356.756756757	0.632478632479	0.541176470588	74.4827586207	0.508771929825	0.111764705882	78.1132075472	0.469026548673	0.221568627451	55.3846153846	0.0599078341014	0.574509803922	61.6216216216	0.649122807018	0.335294117647	1.76470588235	0.85	0.235294117647
100803	38.8235294118	0.220779220779	0.849019607843	23.4146341463	0.450549450549	0.356862745098	316.153846154	0.141304347826	0.639215686275	34.8	0.467289719626	0.580392156863	41.25	0.258064516129	0.878431372549	324.0	0.208333333333	0.0941176470588	18.8571428571	0.614035087719	0.223529411765	32.3076923077	0.440677966102	0.462745098039	283.255813953	0.186147186147	0.452941176471	255.483870968	0.194968553459	0.311764705882
100802	300.0	0.00529100529101	0.370588235294	3.0	0.0826446280992	0.525490196078	18.75	0.0879120879121	0.643137254902	30.0	0.0526315789474	0.850980392157	300.0	0.0909090909091	0.043137254902	10.0	0.046875	0.749019607843	300.0	0.0193548387097	0.303921568627	340.0	0.0434782608696	0.135294117647	330.0	0.0701754385965	0.223529411765	345.882352941	0.253731343284	0.394117647059
100765	324.705882353	0.161904761905	0.205882352941	13.6363636364	0.275	0.843137254902	22.1052631579	0.345454545455	0.892156862745	16.9230769231	0.351351351351	0.782352941176	32.0	0.714285714286	0.958823529412	348.0	0.125	0.686274509804	344.0	0.137614678899	0.427450980392	336.0	0.0892857142857	0.560784313725	28.2352941176	0.485714285714	0.93137254902	338.571428571	0.168674698795	0.325490196078
100507	112.5	0.0444444444444	0.647058823529	35.4545454545	0.111111111111	0.388235294118	180.0	0.0833333333333	0.811764705882	52.0	0.0622406639004	0.472549019608	16.3636363636	0.186440677966	0.23137254902	173.333333333	0.0782608695652	0.774509803922	45.0	0.0555555555556	0.282352941176	90.0	0.0446428571429	0.560784313725	24.4444444444	0.161676646707	0.327450980392	150.0	0.0694444444444	0.717647058824
100895	43.6363636364	0.289473684211	0.850980392157	226.875	0.130081300813	0.517647058824	268.235294118	0.0880829015544	0.378431372549	0.0	0.0	0.992156862745	328.8	0.247524752475	0.198039215686	199.534883721	0.292517006803	0.711764705882	227.272727273	0.156398104265	0.586274509804	23.358778626	0.582222222222	0.558823529412	327.857142857	0.21875	0.250980392157	206.315789474	0.542857142857	0.411764705882
100908	213.913043478	0.137724550898	0.672549019608	208.0	0.263157894737	0.888235294118	210.0	0.22	0.803921568627	240.0	0.333333333333	0.994117647059	212.5	0.179104477612	0.737254901961	210.0	0.1	0.43137254902	60.4026845638	0.662222222222	0.441176470588	211.428571429	0.133757961783	0.307843137255	220.0	0.157894736842	0.186274509804	207.272727273	0.0982142857143	0.560784313725
100817	105.0	0.0983606557377	0.239215686275	188.0	0.0777202072539	0.378431372549	86.6666666667	0.0396475770925	0.445098039216	75.0	0.0975609756098	0.321568627451	46.9565217391	0.109004739336	0.586274509804	120.0	0.0872483221477	0.292156862745	213.529411765	0.136	0.490196078431	40.9090909091	0.178861788618	0.482352941176	60.0	0.0947368421053	0.372549019608	60.0	0.0689655172414	0.113725490196
100799	0.0	0.0	0.992156862745	180.0	0.0232558139535	0.91568627451	216.0	0.0660792951542	0.554901960784	225.0	0.0512820512821	0.305882352941	222.857142857	0.0348258706468	0.394117647059	240.0	0.161290322581	0.0607843137255	225.0	0.0714285714286	0.219607843137	218.181818182	0.0448979591837	0.480392156863	240.0	0.0724637681159	0.135294117647	220.0	0.058064516129	0.696078431373
100685	180.0	0.015873015873	0.876470588235	30.0	0.0247933884298	0.525490196078	180.0	0.037037037037	0.788235294118	22.2222222222	0.122171945701	0.433333333333	325.714285714	0.0414201183432	0.33137254902	240.0	0.093023255814	0.16862745098	180.0	0.0224719101124	0.650980392157	214.285714286	0.0967741935484	0.425490196078	234.0	0.0961538461538	0.203921568627	240.0	0.0746268656716	0.262745098039
100529	40.0	0.123287671233	0.713725490196	28.0	0.277777777778	0.211764705882	162.857142857	0.225806451613	0.0607843137255	38.1818181818	0.112244897959	0.61568627451	26.0377358491	0.229437229437	0.452941176471	358.245614035	0.74672489083	0.550980392157	23.3333333333	0.330275229358	0.572549019608	24.0	0.424836601307	0.7	25.3333333333	0.266272189349	0.33137254902	27.1428571429	0.446808510638	0.81568627451
100339	26.6666666667	0.188284518828	0.53137254902	280.0	0.04	0.852941176471	27.5675675676	0.187817258883	0.613725490196	270.0	0.025	0.686274509804	260.0	0.0147783251232	0.601960784314	0.0	0.0	0.996078431373	340.0	0.0119521912351	0.507843137255	25.9459459459	0.19170984456	0.378431372549	26.6666666667	0.188284518828	0.46862745098	260.0	0.0247933884298	0.762745098039
100374	10.9090909091	0.333333333333	0.0647058823529	21.4285714286	0.285714285714	0.61568627451	20.4255319149	0.324137931034	0.71568627451	21.6	0.242718446602	0.798039215686	204.0	0.0980392156863	0.9	18.75	0.235294117647	0.266666666667	20.0	0.164179104478	0.394117647059	19.3220338983	0.233201581028	0.503921568627	48.0	0.0292397660819	0.664705882353	21.8181818182	0.045643153527	0.527450980392
100810	26.0869565217	0.112195121951	0.598039215686	27.6923076923	0.280575539568	0.272549019608	15.0	0.0909090909091	0.741176470588	30.0	0.114754098361	0.521568627451	27.2727272727	0.178378378378	0.362745098039	30.0	0.141592920354	0.443137254902	350.0	0.06	0.803921568627	264.0	0.333333333333	0.970588235294	23.3333333333	0.107142857143	0.670588235294	300.0	0.0588235294118	0.866666666667
100905	38.75	0.444444444444	0.788235294118	30.0	0.03	0.392156862745	36.0	0.206611570248	0.762745098039	37.2413793103	0.18954248366	0.7	38.4905660377	0.375886524823	0.723529411765	45.0	0.114285714286	0.862745098039	60.0	0.037037037037	0.894117647059	37.0909090909	0.310734463277	0.652941176471	36.0	0.136363636364	0.56862745098	34.7368421053	0.2	0.813725490196
100533	26.0869565217	0.283950617284	0.841176470588	30.0	0.333333333333	0.976470588235	198.666666667	0.228426395939	0.613725490196	31.724137931	0.576158940397	0.703921568627	355.78125	0.571428571429	0.439215686275	24.7058823529	0.333333333333	0.9	25.4237288136	0.5	0.462745098039	213.6	0.130890052356	0.374509803922	30.0	0.410714285714	0.780392156863	28.0	0.512195121951	0.598039215686
100086	120.0	0.04	0.0490196078431	157.627118644	0.694117647059	0.166666666667	48.0	0.034965034965	0.280392156863	39.2592592593	0.551020408163	0.288235294118	158.372093023	0.530864197531	0.317647058824	30.0	0.01	0.607843137255	60.0	0.027027027027	0.217647058824	48.0	0.0282485875706	0.347058823529	158.125	0.872727272727	0.43137254902	42.8571428571	0.0933333333333	0.147058823529
100915	19.0909090909	0.201834862385	0.572549019608	21.1764705882	0.377777777778	0.735294117647	22.3880597015	0.797619047619	0.329411764706	20.4545454545	0.205607476636	0.419607843137	20.8695652174	0.46	0.803921568627	20.8163265306	0.320261437908	0.7	21.6	0.423728813559	0.76862745098	25.9615384615	0.873949579832	0.533333333333	19.2	0.700934579439	0.209803921569	18.6666666667	0.257142857143	0.656862745098
100815	49.0909090909	0.272727272727	0.474509803922	48.9795918367	0.213973799127	0.550980392157	29.4642857143	0.691358024691	0.317647058824	53.6842105263	0.191919191919	0.611764705882	52.6530612245	0.304347826087	0.68431372549	37.4025974026	0.754901960784	0.4	10.9090909091	0.827956989247	0.182352941176	174.857142857	0.538461538462	0.127450980392	359.620253165	0.918604651163	0.337254901961	49.8058252427	0.81746031746	0.494117647059
100193	85.7142857143	0.194444444444	0.858823529412	80.0	0.185185185185	0.841176470588	88.0	0.238095238095	0.876470588235	309.473684211	0.513513513514	0.0725490196078	60.0	0.106666666667	0.705882352941	49.4117647059	0.0928961748634	0.641176470588	67.5	0.140350877193	0.776470588235	36.0	0.067264573991	0.562745098039	313.846153846	0.0760233918129	0.335294117647	90.0	0.285714285714	0.890196078431
100758	35.2941176471	0.069387755102	0.480392156863	44.0625	0.326530612245	0.61568627451	240.0	0.0175438596491	0.888235294118	42.4	0.30612244898	0.480392156863	60.0	0.00564971751412	0.652941176471	34.2857142857	0.0319634703196	0.570588235294	37.2972972973	0.189743589744	0.382352941176	210.0	0.0289855072464	0.729411764706	228.0	0.0485436893204	0.798039215686	48.2608695652	0.338235294118	0.733333333333
100671	0.0	0.0	0.98431372549	36.5217391304	0.2	0.774509803922	39.6	0.274725274725	0.643137254902	0.0	0.0	0.941176470588	0.0	0.0759493670886	0.690196078431	30.0	0.0625	0.874509803922	13.6363636364	0.282051282051	0.152941176471	25.9459459459	0.158798283262	0.543137254902	0.0	0.194805194805	0.301960784314	13.7142857143	0.161290322581	0.425490196078
100916	38.5714285714	0.1	0.725490196078	39.2307692308	0.105691056911	0.482352941176	60.0	0.0285714285714	0.93137254902	42.3529411765	0.142857142857	0.766666666667	33.75	0.0824742268041	0.619607843137	0.0	0.0	0.949019607843	40.0	0.145631067961	0.798039215686	36.0	0.0793650793651	0.876470588235	38.5714285714	0.159090909091	0.827450980392	35.0	0.153846153846	0.847058823529
100909	0.0	0.0	0.290196078431	0.0	0.0	0.63137254902	0.0	0.0	0.737254901961	0.0	0.0	0.0352941176471	0.0	0.0	0.803921568627	0.0	0.0	0.964705882353	0.0	0.0	0.886274509804	0.0	0.0	0.517647058824	0.0	0.0	0.41568627451	0.0	0.0	0.16862745098
100523	50.2325581395	0.387387387387	0.782352941176	191.6	0.595238095238	0.494117647059	0.0	0.0	0.996078431373	350.0	0.176470588235	0.0666666666667	66.3157894737	0.169642857143	0.439215686275	60.0	0.0612244897959	0.61568627451	342.857142857	0.0985915492958	0.139215686275	19.1351351351	0.787234042553	0.539215686275	22.2222222222	0.171974522293	0.307843137255	342.857142857	0.0721649484536	0.190196078431
100894	22.8571428571	0.190909090909	0.56862745098	18.0	0.180722891566	0.674509803922	23.4146341463	0.163346613546	0.507843137255	13.8461538462	0.0543933054393	0.53137254902	31.7647058824	0.131782945736	0.252941176471	27.0	0.111111111111	0.352941176471	40.0	0.0731707317073	0.160784313725	19.2857142857	0.144329896907	0.619607843137	24.0	0.067264573991	0.437254901961	0.0	0.0	0.00392156862745
100757	192.0	0.0684931506849	0.856862745098	180.0	0.0508474576271	0.88431372549	0.0	0.0	0.996078431373	192.857142857	0.0686274509804	0.6	198.0	0.0769230769231	0.745098039216	200.0	0.0825688073394	0.786274509804	210.0	0.0888888888889	0.823529411765	180.0	0.037037037037	0.947058823529	0.0	0.0	0.925490196078	196.363636364	0.0709677419355	0.696078431373
100917	42.2222222222	0.115879828326	0.543137254902	44.0	0.128205128205	0.770588235294	30.4225352113	0.617391304348	0.225490196078	30.2564102564	0.625668449198	0.366666666667	28.8	0.649350649351	0.301960784314	42.8571428571	0.117318435754	0.649019607843	41.0526315789	0.127516778523	0.707843137255	34.1605839416	0.63133640553	0.425490196078	40.8	0.126903553299	0.386274509804	34.6666666667	0.671641791045	0.13137254902
100574	36.0	0.0526315789474	0.813725490196	42.8571428571	0.0334928229665	0.590196078431	348.0	0.3125	0.125490196078	34.2857142857	0.116666666667	0.235294117647	31.5384615385	0.312	0.490196078431	180.0	0.0198675496689	0.703921568627	60.0	0.017094017094	0.458823529412	48.0	0.0574712643678	0.341176470588	150.0	0.1	0.960784313725	26.4705882353	0.430379746835	0.690196078431
100197	180.0	0.246753246753	0.849019607843	179.698492462	0.812244897959	0.480392156863	180.0	0.219512195122	0.160784313725	0.0	0.0	0.0	180.0	0.0549450549451	0.356862745098	0.0	0.764102564103	0.382352941176	0.0	0.0348258706468	0.605882352941	179.393939394	0.68275862069	0.28431372549	180.0	0.196787148594	0.488235294118	178.285714286	0.225806451613	0.696078431373
100806	353.164556962	0.351111111111	0.558823529412	348.0	0.0515463917526	0.380392156863	240.0	0.214285714286	0.109803921569	240.0	0.0925925925926	0.211764705882	355.636363636	0.300546448087	0.641176470588	22.7586206897	0.432835820896	0.86862745098	344.210526316	0.363057324841	0.307843137255	350.27027027	0.318965517241	0.454901960784	8.93617021277	0.376	0.754901960784	260.0	0.0405405405405	0.290196078431
100164	75.0	0.031746031746	0.752941176471	32.1428571429	0.142857142857	0.61568627451	30.0	0.0151515151515	0.258823529412	195.0	0.093023255814	0.83137254902	45.0	0.0526315789474	0.149019607843	203.225806452	0.181286549708	0.664705882353	180.0	0.0731707317073	0.919607843137	28.0	0.0588235294118	0.5	27.6923076923	0.132653061224	0.38431372549	212.432432432	0.2	0.362745098039
100195	15.652173913	0.0909090909091	0.496078431373	340.64516129	0.269565217391	0.225490196078	52.1739130435	0.156462585034	0.711764705882	60.0	0.152542372881	0.76862745098	69.0	0.212765957447	0.81568627451	80.0	0.257142857143	0.862745098039	0.0	0.117948717949	0.382352941176	85.2631578947	0.311475409836	0.880392156863	33.6	0.11961722488	0.590196078431	41.7391304348	0.134502923977	0.664705882353
100777	0.0	0.0	0.43137254902	0.0	0.0	0.270588235294	0.0	0.0	0.8	0.0	0.0	0.490196078431	0.0	0.0	0.321568627451	0.0	0.0	0.733333333333	0.0	0.0	0.890196078431	0.0	0.0	0.639215686275	0.0	0.0	0.376470588235	0.0	0.0	0.560784313725
100892	15.0	0.236842105263	0.298039215686	28.125	0.156862745098	0.4	203.75	0.307692307692	0.305882352941	195.0	0.064	0.490196078431	120.0	0.0246305418719	0.601960784314	232.5	0.133333333333	0.764705882353	47.2941176471	0.435897435897	0.617647058824	37.3333333333	0.180722891566	0.511764705882	13.6170212766	0.730569948187	0.378431372549	345.0	0.16	0.0980392156863
100813	353.58490566	0.832460732984	0.374509803922	352.307692308	0.847826086957	0.180392156863	211.685393258	0.520467836257	0.664705882353	215.151515152	0.460465116279	0.578431372549	212.903225806	0.430555555556	0.717647058824	351.377245509	0.735682819383	0.554901960784	213.75	0.242424242424	0.870588235294	213.913043478	0.410714285714	0.780392156863	182.857142857	0.28	0.147058823529	215.257731959	0.383399209486	0.496078431373
100890	120.0	0.0555555555556	0.0705882352941	42.8571428571	0.130434782609	0.31568627451	34.5454545455	0.251908396947	0.743137254902	50.0	0.072	0.490196078431	52.0	0.0847457627119	0.652941176471	204.0	0.0833333333333	0.235294117647	60.0	0.125	0.96862745098	52.5	0.0733944954128	0.572549019608	210.0	0.0606060606061	0.129411764706	50.0	0.0865384615385	0.407843137255
100759	50.7692307692	0.213114754098	0.880392156863	60.0	0.0967741935484	0.939215686275	36.0	0.238095238095	0.588235294118	29.1666666667	0.371134020619	0.380392156863	28.6363636364	0.357723577236	0.482352941176	42.6086956522	0.633027522936	0.786274509804	44.347826087	0.252747252747	0.821568627451	38.1818181818	0.57225433526	0.660784313725	30.8571428571	0.479452054795	0.570588235294	42.8571428571	0.212121212121	0.741176470588
100805	322.0	0.405405405405	0.709803921569	0.0	0.0894308943089	0.241176470588	310.344827586	0.475409836066	0.880392156863	330.0	0.0243902439024	0.160784313725	0.0	0.0	0.0627450980392	340.2	0.510204081633	0.38431372549	0.0	0.0480769230769	0.407843137255	331.363636364	0.382608695652	0.549019607843	340.0	0.0238095238095	0.494117647059	4.0	0.0920245398773	0.319607843137
100888	197.307692308	0.213114754098	0.521568627451	190.769230769	0.464285714286	0.670588235294	234.545454545	0.255813953488	0.83137254902	231.428571429	0.133757961783	0.692156862745	189.836065574	0.365269461078	0.327450980392	234.545454545	0.189655172414	0.772549019608	192.727272727	0.622641509434	0.103921568627	188.421052632	0.513513513514	0.217647058824	232.173913043	0.40350877193	0.888235294118	229.090909091	0.647058823529	0.933333333333
100181	13.3333333333	0.0967741935484	0.817647058824	324.0	0.0666666666667	0.147058823529	216.0	0.342465753425	0.286274509804	209.158878505	0.463203463203	0.452941176471	330.0	0.0336134453782	0.466666666667	204.923076923	0.714285714286	0.643137254902	340.0	0.0333333333333	0.647058823529	6.85714285714	0.228758169935	0.3	20.0	0.2	0.941176470588	15.0	0.153846153846	0.0509803921569
100343	26.25	0.283185840708	0.556862745098	17.1428571429	0.259259259259	0.0529411764706	20.3773584906	0.313609467456	0.33137254902	23.6842105263	0.324786324786	0.458823529412	27.8571428571	0.307692307692	0.643137254902	31.914893617	0.333333333333	0.723529411765	214.285714286	0.0551181102362	0.249019607843	30.0	0.100917431193	0.427450980392	40.0	0.342857142857	0.862745098039	17.5	0.255319148936	0.18431372549
100093	55.2941176471	0.864406779661	0.88431372549	50.0	0.428571428571	0.670588235294	187.5	0.290909090909	0.21568627451	50.4347826087	0.683168316832	0.801960784314	43.3333333333	0.391304347826	0.0901960784314	40.9090909091	0.415094339623	0.207843137255	48.0	0.284552845528	0.517647058824	42.8571428571	0.383561643836	0.286274509804	44.5714285714	0.353535353535	0.388235294118	42.5806451613	0.413333333333	0.147058823529
100898	218.181818182	0.44	0.901960784314	222.857142857	0.155555555556	0.823529411765	202.5	0.222222222222	0.141176470588	41.5384615385	0.0534979423868	0.476470588235	216.0	0.0657894736842	0.701960784314	194.117647059	0.894736842105	0.962745098039	200.0	0.318181818182	0.258823529412	200.769230769	0.325	0.529411764706	200.526315789	0.348623853211	0.427450980392	200.281690141	0.405714285714	0.343137254902
100901	41.1940298507	0.396449704142	0.33137254902	37.1428571429	0.185840707965	0.221568627451	300.0	0.0857142857143	0.0686274509804	20.0	0.111111111111	0.894117647059	37.2972972973	0.170506912442	0.574509803922	16.3636363636	0.159420289855	0.135294117647	40.0	0.176470588235	0.466666666667	132.0	0.0273224043716	0.358823529412	18.0	0.0943396226415	0.792156862745	34.6153846154	0.156626506024	0.674509803922
100528	33.75	0.516129032258	0.878431372549	200.0	0.191489361702	0.276470588235	21.8181818182	0.0909090909091	0.762745098039	188.571428571	0.0795454545455	0.345098039216	42.2222222222	0.147540983607	0.641176470588	63.1578947368	0.159663865546	0.233333333333	41.1764705882	0.421487603306	0.762745098039	185.454545455	0.224489795918	0.0960784313725	0.0	0.0487804878049	0.839215686275	38.3333333333	0.147540983607	0.478431372549
100925	191.428571429	0.125748502994	0.672549019608	189.230769231	0.0588235294118	0.433333333333	200.0	0.0612244897959	0.0960784313725	193.333333333	0.0909090909091	0.805882352941	189.0	0.0961538461538	0.592156862745	190.909090909	0.0601092896175	0.358823529412	191.25	0.0645161290323	0.513725490196	200.0	0.0789473684211	0.149019607843	210.0	0.333333333333	0.0117647058824	198.0	0.0684931506849	0.286274509804
100756	25.3333333333	0.230769230769	0.382352941176	0.0	0.0	0.996078431373	34.2857142857	0.160305343511	0.743137254902	30.3092783505	0.395918367347	0.519607843137	36.9230769231	0.173333333333	0.147058823529	25.4545454545	0.20245398773	0.319607843137	28.0519480519	0.324894514768	0.464705882353	23.3333333333	0.15652173913	0.450980392157	60.0	0.151515151515	0.0647058823529	28.6956521739	0.186991869919	0.241176470588
100531	29.1428571429	0.154185022026	0.554901960784	23.5714285714	0.518518518519	0.105882352941	23.2835820896	0.443708609272	0.296078431373	210.0	0.0285714285714	0.862745098039	30.0	0.0322580645161	0.635294117647	34.7368421053	0.240506329114	0.690196078431	356.16	0.89928057554	0.272549019608	0.0	0.00662251655629	0.703921568627	60.0	0.0181818181818	0.78431372549	24.0	0.242290748899	0.445098039216
100353	17.1428571429	0.177215189873	0.690196078431	30.0	0.0645161290323	0.878431372549	20.0	0.272727272727	0.0647058823529	21.1764705882	0.142857142857	0.766666666667	25.7142857143	0.0786516853933	0.825490196078	60.0	0.0181818181818	0.107843137255	20.0	0.0810810810811	0.145098039216	16.0	0.136363636364	0.56862745098	0.0	0.0724637681159	0.270588235294	15.5555555556	0.12676056338	0.417647058824
100669	210.0	0.176470588235	0.266666666667	41.25	0.105263157895	0.298039215686	200.0	0.0738916256158	0.398039215686	226.666666667	0.2	0.735294117647	180.0	0.0697674418605	0.0843137254902	212.0	0.154639175258	0.190196078431	180.0	0.0214592274678	0.543137254902	227.142857143	0.25	0.890196078431	190.909090909	0.0464135021097	0.464705882353	206.086956522	0.134502923977	0.335294117647
100804	32.1428571429	0.333333333333	0.670588235294	39.4736842105	0.292307692308	0.745098039216	43.2	0.510204081633	0.0960784313725	101.590909091	0.536585365854	0.321568627451	40.0	0.4	0.823529411765	40.7035175879	0.884444444444	0.558823529412	4.84848484848	0.722627737226	0.26862745098	46.25	0.188976377953	0.501960784314	28.8679245283	0.557894736842	0.372549019608	32.8125	0.547008547009	0.541176470588
100897	194.651162791	0.767857142857	0.560784313725	36.9230769231	0.0653266331658	0.609803921569	200.204081633	0.422413793103	0.454901960784	215.675675676	0.305785123967	0.237254901961	38.5714285714	0.0551181102362	0.498039215686	184.210526316	0.522935779817	0.786274509804	227.5	0.272727272727	0.172549019608	195.616438356	0.390374331551	0.633333333333	36.0	0.10101010101	0.388235294118	205.161290323	0.364705882353	0.333333333333
100918	27.5555555556	0.72972972973	0.362745098039	47.3684210526	0.162393162393	0.770588235294	25.5172413793	0.915789473684	0.186274509804	60.0	0.1	0.921568627451	25.0	0.882352941176	0.133333333333	42.6315789474	0.172727272727	0.56862745098	24.1176470588	0.822580645161	0.243137254902	34.5	0.178571428571	0.439215686275	44.4444444444	0.157894736842	0.664705882353	25.5737704918	0.772151898734	0.309803921569
100182	210.0	0.075	0.843137254902	21.8181818182	0.189655172414	0.227450980392	300.0	0.0666666666667	0.0294117647059	348.0	0.0877192982456	0.111764705882	240.0	0.0322580645161	0.756862745098	24.7058823529	0.186813186813	0.356862745098	12.0	0.0310559006211	0.68431372549	24.0	0.0510204081633	0.61568627451	25.7142857143	0.118644067797	0.462745098039	25.2631578947	0.0822510822511	0.547058823529
100363	0.0	0.0	0.0352941176471	0.0	0.0	0.560784313725	0.0	0.0	0.466666666667	0.0	0.0	0.129411764706	0.0	0.0	0.827450980392	0.0	0.0	0.701960784314	0.0	0.0	0.364705882353	0.0	0.0	0.647058823529	0.0	0.0	0.247058823529	0.0	0.0	0.945098039216
100358	222.580645161	0.442857142857	0.274509803922	26.511627907	0.86	0.803921568627	90.0	0.0416666666667	0.905882352941	2.30769230769	0.448275862069	0.113725490196	23.595505618	0.566878980892	0.692156862745	80.0	0.06	0.803921568627	18.4	0.333333333333	0.558823529412	15.4838709677	0.336956521739	0.360784313725	212.957746479	0.280632411067	0.496078431373	208.421052632	0.329479768786	0.660784313725
100509	112.173913043	0.242105263158	0.813725490196	137.5	0.237623762376	0.603921568627	300.0	0.0196078431373	0.1	135.0	0.114754098361	0.521568627451	142.5	0.0606060606061	0.258823529412	137.333333333	0.263157894737	0.664705882353	135.714285714	0.196261682243	0.580392156863	137.647058824	0.0829268292683	0.401960784314	137.142857143	0.253886010363	0.621568627451	137.142857143	0.267759562842	0.641176470588
100921	340.0	0.0588235294118	0.8	332.727272727	0.0575916230366	0.625490196078	333.333333333	0.0604026845638	0.707843137255	340.0	0.0821917808219	0.286274509804	336.923076923	0.0653266331658	0.390196078431	335.0	0.0495867768595	0.474509803922	0.0	0.0	0.996078431373	338.181818182	0.0480349344978	0.550980392157	335.0	0.153846153846	0.152941176471	340.0	0.0588235294118	0.9
100924	260.0	0.0144927536232	0.594117647059	240.0	0.0123456790123	0.841176470588	180.0	0.00418410041841	0.53137254902	240.0	0.0166666666667	0.764705882353	180.0	0.00448430493274	0.437254901961	240.0	0.0454545454545	0.913725490196	210.0	0.0111111111111	0.352941176471	240.0	0.0188679245283	0.688235294118	240.0	0.0229007633588	0.256862745098	180.0	0.00398406374502	0.492156862745
100919	334.285714286	0.0598290598291	0.458823529412	332.307692308	0.0734463276836	0.347058823529	0.0	0.0	0.996078431373	335.0	0.0674157303371	0.650980392157	334.285714286	0.0752688172043	0.817647058824	334.285714286	0.0625	0.560784313725	336.0	0.106382978723	0.907843137255	327.692307692	0.117117117117	0.217647058824	326.666666667	0.2	0.0882352941176	342.0	0.0724637681159	0.729411764706
100191	30.0	0.0909090909091	0.956862745098	36.0	0.0802139037433	0.366666666667	33.3333333333	0.075	0.470588235294	42.8571428571	0.0804597701149	0.170588235294	36.6666666667	0.0803571428571	0.560784313725	34.2857142857	0.0813953488372	0.662745098039	45.0	0.105263157895	0.0745098039216	32.7272727273	0.0791366906475	0.272549019608	36.0	0.0735294117647	0.733333333333	34.2857142857	0.0786516853933	0.825490196078
100094	198.0	0.164835164835	0.356862745098	23.3333333333	0.147540983607	0.760784313725	199.2	0.102880658436	0.476470588235	13.3333333333	0.157894736842	0.888235294118	202.941176471	0.188888888889	0.647058823529	27.2727272727	0.117021276596	0.63137254902	240.0	0.0344827586207	0.056862745098	204.0	0.202702702703	0.709803921569	192.0	0.047619047619	0.205882352941	203.076923077	0.174887892377	0.562745098039
100920	188.13559322	0.385620915033	0.7	185.217391304	0.450980392157	0.9	180.0	0.0169491525424	0.88431372549	186.666666667	0.384615384615	0.770588235294	190.843373494	0.341563786008	0.523529411765	187.058823529	0.414634146341	0.839215686275	187.714285714	0.364583333333	0.623529411765	191.724137931	0.455497382199	0.374509803922	0.0	0.0	0.996078431373	180.0	0.153846153846	0.949019607843
100360	0.0	0.0	0.0196078431373	219.130434783	0.0970464135021	0.464705882353	15.0	0.0277777777778	0.717647058824	240.0	0.032967032967	0.178431372549	231.428571429	0.0414201183432	0.33137254902	240.0	0.0740740740741	0.105882352941	211.836734694	0.234449760766	0.590196078431	0.0	0.0	0.913725490196	21.6	0.121951219512	0.598039215686	30.0	0.0232558139535	0.83137254902
100579	30.0	0.0769230769231	0.458823529412	213.333333333	0.0947368421053	0.813725490196	38.5714285714	0.0804597701149	0.658823529412	32.0	0.0691244239631	0.574509803922	60.0	0.333333333333	0.994117647059	349.626168224	0.856	0.490196078431	195.0	0.0526315789474	0.850980392157	36.0	0.0757575757576	0.741176470588	24.7058823529	0.105590062112	0.31568627451	48.0	0.121951219512	0.919607843137
100904	48.0	0.024154589372	0.405882352941	220.0	0.0566037735849	0.103921568627	40.0	0.024	0.754901960784	24.0	0.04	0.509803921569	17.1428571429	0.0424242424242	0.323529411765	240.0	0.00952380952381	0.205882352941	34.2857142857	0.0362694300518	0.621568627451	40.0	0.0508474576271	0.88431372549	228.0	0.0632911392405	0.154901960784	225.0	0.0606060606061	0.129411764706
100165	24.4897959184	0.352517985612	0.727450980392	21.8181818182	0.255813953488	0.16862745098	22.5	0.190476190476	0.329411764706	25.9459459459	0.195767195767	0.629411764706	45.0	0.0285714285714	0.725490196078	30.0	0.175	0.843137254902	24.0	0.176470588235	0.5	25.0	0.367346938776	0.807843137255	24.0	0.2	0.0490196078431	45.0	0.0363636363636	0.78431372549
100341	0.0	0.0	0.152941176471	225.0	0.0625	0.874509803922	220.0	0.0186335403727	0.68431372549	0.0	0.0	0.525490196078	0.0	0.0	0.0666666666667	0.0	0.0	0.321568627451	228.0	0.0467289719626	0.790196078431	225.0	0.0307692307692	0.745098039216	180.0	0.00502512562814	0.609803921569	220.0	0.0666666666667	0.823529411765
100796	255.0	0.181818181818	0.956862745098	310.588235294	0.140495867769	0.237254901961	310.408163265	0.47572815534	0.596078431373	348.0	0.0505050505051	0.805882352941	8.57142857143	0.708860759494	0.690196078431	258.571428571	0.182608695652	0.450980392157	356.52173913	0.296137339056	0.456862745098	280.0	0.0545454545455	0.892156862745	204.210526316	0.633333333333	0.647058823529	268.235294118	0.175257731959	0.619607843137
100508	46.9565217391	0.270588235294	0.833333333333	60.0	0.272727272727	0.021568627451	28.0	0.378151260504	0.233333333333	27.5	0.307692307692	0.152941176471	27.2093023256	0.380530973451	0.443137254902	30.3529411765	0.491329479769	0.660784313725	25.8333333333	0.423529411765	0.333333333333	39.4285714286	0.284552845528	0.758823529412	28.9655172414	0.383259911894	0.554901960784	35.0	0.3	0.078431372549
100521	8.57142857143	0.0445859872611	0.307843137255	23.5294117647	0.222707423581	0.550980392157	37.5	0.444444444444	0.964705882353	17.1428571429	0.230769230769	0.178431372549	19.2	0.225225225225	0.435294117647	31.4285714286	0.160305343511	0.743137254902	40.0	0.23595505618	0.825490196078	19.7014925373	0.563025210084	0.766666666667	24.0	0.280898876404	0.650980392157	40.0	0.272727272727	0.892156862745
100927	180.0	0.05	0.843137254902	186.666666667	0.0471204188482	0.625490196078	188.571428571	0.0526315789474	0.739215686275	0.0	0.0	0.992156862745	180.0	0.0423728813559	0.462745098039	180.0	0.0666666666667	0.911764705882	192.0	0.0467289719626	0.790196078431	187.5	0.05	0.686274509804	180.0	0.0434782608696	0.549019607843	180.0	0.0621468926554	0.347058823529
100922	340.0	0.0443349753695	0.398039215686	337.5	0.0416666666667	0.623529411765	337.5	0.0512820512821	0.305882352941	0.0	0.0	0.996078431373	336.0	0.0413223140496	0.474509803922	340.0	0.0405405405405	0.709803921569	340.0	0.101123595506	0.174509803922	340.0	0.0612244897959	0.903921568627	340.0	0.038961038961	0.547058823529	336.0	0.0505050505051	0.805882352941
100665	232.0	0.148514851485	0.198039215686	212.903225806	0.16577540107	0.366666666667	226.363636364	0.183333333333	0.235294117647	210.0	0.14406779661	0.462745098039	255.0	0.222222222222	0.0705882352941	264.0	0.185185185185	0.105882352941	240.0	0.142857142857	0.164705882353	198.947368421	0.19	0.607843137255	217.142857143	0.139072847682	0.296078431373	177.391304348	0.283950617284	0.841176470588
100794	15.7142857143	0.203883495146	0.403921568627	184.0	0.0607287449393	0.51568627451	177.352941176	0.320754716981	0.58431372549	176.666666667	0.0818181818182	0.43137254902	15.0	0.19801980198	0.603921568627	179.220779221	0.706422018349	0.213725490196	140.0	0.0193548387097	0.696078431373	176.865671642	0.761363636364	0.345098039216	177.058823529	0.418032786885	0.478431372549	180.0	0.0588235294118	0.6
100178	15.652173913	0.124324324324	0.362745098039	0.0	0.00740740740741	0.735294117647	0.0	0.0	0.780392156863	20.7692307692	0.115044247788	0.443137254902	205.714285714	0.162790697674	0.91568627451	205.714285714	0.101449275362	0.864705882353	24.8275862069	0.119341563786	0.523529411765	34.2857142857	0.0451612903226	0.696078431373	26.0	0.151515151515	0.611764705882	210.0	0.142857142857	0.972549019608
100370	26.6666666667	0.0775862068966	0.545098039216	60.0	0.0175438596491	0.111764705882	20.0	0.0379746835443	0.154901960784	60.0	0.0666666666667	0.0588235294118	24.7058823529	0.0845771144279	0.394117647059	42.0	0.0892857142857	0.780392156863	0.0	1.0	0.00196078431373	45.0	0.111111111111	0.858823529412	25.7142857143	0.102941176471	0.266666666667	34.2857142857	0.0823529411765	0.666666666667
100902	30.0	0.036036036036	0.564705882353	60.0	0.00990099009901	0.801960784314	30.0	0.0289855072464	0.729411764706	30.0	0.0103092783505	0.380392156863	240.0	0.0714285714286	0.945098039216	221.538461538	0.194029850746	0.13137254902	34.2857142857	0.0292887029289	0.46862745098	300.0	0.00653594771242	0.3	30.0	0.0449438202247	0.650980392157	0.0	0.0	0.874509803922
100532	30.0	0.0769230769231	0.949019607843	18.0	0.135135135135	0.145098039216	222.0	0.176991150442	0.556862745098	30.0	0.0561797752809	0.650980392157	17.1428571429	0.0382513661202	0.358823529412	17.4803149606	0.671957671958	0.629411764706	0.0	0.0	0.839215686275	180.0	0.00854700854701	0.770588235294	215.675675676	0.218934911243	0.66862745098	216.153846154	0.342105263158	0.447058823529
100522	222.857142857	0.0736842105263	0.813725490196	220.0	0.1875	0.874509803922	8.8	0.742574257426	0.396078431373	24.8275862069	0.177914110429	0.319607843137	280.0	0.0967741935484	0.0607843137255	25.7142857143	0.387234042553	0.539215686275	30.0	0.0650406504065	0.517647058824	222.0	0.263157894737	0.925490196078	20.625	0.444444444444	0.717647058824	30.0	0.0126582278481	0.690196078431
100760	0.0	0.0	0.807843137255	346.097560976	0.405940594059	0.603921568627	0.0	0.0748299319728	0.711764705882	344.129032258	0.648535564854	0.46862745098	0.0	0.0	0.835294117647	180.0	0.0285714285714	0.93137254902	0.0	0.0	0.882352941176	17.1428571429	0.0573770491803	0.521568627451	353.129770992	0.942446043165	0.272549019608	348.235294118	0.818181818182	0.366666666667
100088	312.0	0.0236966824645	0.413725490196	212.608695652	0.353846153846	0.745098039216	40.3846153846	0.305882352941	0.666666666667	13.9285714286	0.48275862069	0.227450980392	213.75	0.214285714286	0.560784313725	0.0	0.478260869565	0.180392156863	280.0	0.0666666666667	0.0882352941176	225.0	0.133333333333	0.235294117647	58.4210526316	0.808510638298	0.81568627451	20.3389830508	0.412587412587	0.280392156863
