129992	59	40	34	11	42	86	128	123	122	4	4	8	174	176	172	103	101	103	94	68	59	153	150	145	228	227	220	204	204	198
84508	176	174	167	147	143	130	162	159	149	27	25	11	85	77	59	215	219	230	57	48	35	186	185	185	126	122	110	107	101	88
128353	77	96	114	42	52	65	129	119	96	51	26	17	2	1	1	110	133	162	221	205	173	190	160	120	82	73	59	202	37	8
123308	184	180	178	199	194	191	155	154	153	170	167	166	136	136	136	102	101	105	219	214	212	18	18	19	241	240	241	60	60	65
99046	181	140	111	59	58	58	227	190	154	168	167	166	128	117	110	212	166	130	196	196	195	246	219	189	252	252	252	228	227	226
101042	188	185	178	164	161	154	208	208	203	123	119	117	141	139	135	69	28	34	96	92	92	123	51	61	223	223	221	254	254	254
102716	221	217	214	57	59	63	189	181	170	211	206	202	140	131	114	201	194	188	98	126	154	90	91	95	31	30	29	171	163	147
121226	135	100	82	29	33	46	64	80	100	145	169	181	215	209	199	9	9	12	53	55	66	88	117	145	18	21	32	14	122	209
91677	156	120	102	143	134	113	218	194	179	99	97	75	196	177	162	166	147	127	124	116	93	72	74	55	190	158	140	233	209	195
28565	158	118	101	37	127	183	220	222	226	163	177	186	116	104	90	202	150	135	50	98	123	41	48	44	125	137	144	82	84	61
128771	151	130	101	236	228	211	83	49	58	226	217	198	214	199	171	195	174	142	164	111	63	61	16	26	127	81	49	193	142	94
103549	64	35	29	180	151	152	201	176	143	120	76	53	130	106	115	178	145	110	219	197	171	158	114	74	229	227	225	245	246	251
115521	222	167	26	195	145	19	219	219	219	23	23	23	245	196	32	155	155	154	216	175	67	248	217	60	81	81	80	141	117	48
118820	50	49	56	122	78	66	87	86	95	147	148	155	68	66	76	119	113	115	10	11	14	31	31	37	222	193	182	199	130	102
113746	178	148	135	73	48	38	160	112	93	135	119	114	134	97	80	191	166	156	167	132	116	36	15	8	204	185	178	111	76	62
123340	131	132	129	198	201	204	163	169	170	222	169	162	225	226	229	24	24	24	99	104	101	152	93	79	199	132	118	77	68	64
125327	125	82	84	68	55	68	15	11	13	127	137	157	97	98	118	220	220	232	40	28	33	158	164	180	200	202	215	183	186	201
90300	54	57	68	223	205	200	146	132	131	174	155	148	83	80	88	203	180	173	241	230	229	109	106	113	138	101	79	27	35	51
25630	228	192	108	153	114	69	48	36	23	64	12	13	22	14	9	69	51	33	33	23	14	11	7	4	38	10	8	97	72	47
114308	132	181	220	129	122	116	200	188	167	222	220	214	80	129	155	24	17	16	75	61	53	161	153	142	109	156	96	102	90	88
28709	193	113	97	181	212	211	53	30	21	134	123	117	170	95	79	174	176	174	88	67	56	95	46	27	136	71	50	99	90	85
101751	104	114	113	179	179	173	219	218	210	117	128	128	90	97	93	156	160	155	71	71	62	143	113	87	202	198	190	131	141	141
23588	183	184	181	27	17	11	104	45	10	164	161	155	170	106	21	138	132	123	214	218	216	54	50	45	103	92	82	195	199	196
124385	100	93	92	39	33	35	154	150	151	5	4	4	135	131	130	118	113	112	190	188	192	243	240	244	71	65	66	123	126	142
130170	241	241	238	169	159	147	6	18	37	130	114	102	224	203	166	192	195	198	228	229	229	59	65	72	215	218	220	228	213	124
91435	20	19	18	56	56	55	208	209	206	98	99	97	121	122	120	245	246	244	38	38	36	76	77	75	174	176	174	146	147	145
126718	156	158	163	134	111	49	183	205	232	243	244	243	55	57	64	82	87	99	130	123	116	152	176	217	230	195	62	22	21	22
97487	165	127	111	59	25	18	211	175	164	101	79	69	214	216	220	197	198	202	146	103	75	188	139	65	228	231	236	195	151	131
76904	91	84	82	189	199	200	172	179	177	46	48	43	59	61	57	207	218	218	20	27	28	201	168	160	160	147	143	129	124	121
127807	102	86	85	149	136	134	196	43	40	189	183	187	224	227	235	57	52	55	128	146	66	105	129	35	22	21	27	108	29	29
32286	4	32	131	3	63	195	58	112	206	27	93	193	29	80	139	104	95	178	2	10	41	76	36	190	6	28	90	3	44	165
35011	149	149	149	68	68	68	4	4	4	229	229	229	196	196	196	34	34	34	104	104	104	209	209	209	130	130	130	183	183	183
114989	229	229	236	196	12	41	196	137	127	40	42	46	212	184	179	199	166	155	198	80	89	219	211	217	103	61	58	136	124	118
23505	168	167	167	98	97	96	192	192	193	40	34	38	202	201	203	152	150	150	210	209	209	131	130	130	207	178	55	181	181	181
104913	227	225	220	153	126	101	75	66	61	197	189	185	114	96	84	17	16	15	176	167	154	47	42	39	145	138	129	100	118	138
119783	116	74	96	135	124	130	26	29	43	7	7	8	68	96	130	132	94	116	128	155	184	49	64	84	125	121	117	114	114	107
105784	130	173	185	223	92	134	98	102	71	22	34	42	195	6	60	70	141	168	39	94	130	170	163	120	201	206	203	22	62	91
89984	103	103	103	28	28	28	206	206	206	184	184	184	155	155	155	68	68	68	172	172	172	195	195	195	132	132	132	218	218	218
104829	203	188	174	220	219	217	226	226	225	75	126	156	198	156	125	124	153	169	145	107	80	115	80	59	165	128	100	50	94	117
30812	59	56	51	151	209	239	151	150	139	182	181	171	241	245	240	89	146	189	218	218	206	28	28	27	127	122	101	92	88	77
84711	93	62	84	151	141	133	203	189	154	33	28	76	181	166	141	13	11	59	237	229	177	141	103	99	221	211	164	245	243	200
112308	168	80	49	168	164	153	32	93	161	138	127	115	109	99	89	37	68	106	23	17	14	211	219	217	84	69	61	55	44	38
118354	247	243	235	150	154	146	192	194	195	122	72	41	212	211	210	190	188	180	177	181	182	179	177	166	135	132	111	160	166	164
39672	89	88	86	126	127	129	221	224	229	104	105	105	208	213	217	155	157	157	30	28	27	187	191	195	63	62	62	250	250	247
101240	165	158	158	185	180	179	141	135	134	242	238	237	208	202	201	117	111	110	68	61	59	248	246	247	224	218	217	93	86	84
124597	174	177	161	11	10	9	90	77	67	35	32	29	146	143	137	63	57	50	196	194	197	128	117	108	114	95	79	226	223	229
50070	148	110	92	190	186	200	64	50	44	206	205	220	94	70	59	170	159	170	222	222	236	28	27	26	125	90	75	159	134	130
84768	239	189	123	110	122	190	172	183	222	27	29	62	44	49	101	173	61	37	247	247	246	69	78	145	231	118	58	13	12	27
80694	44	56	75	245	245	245	223	225	222	62	76	95	179	186	186	34	43	59	253	254	253	23	30	41	118	133	141	239	204	160
122549	205	212	215	32	32	31	115	46	36	113	111	108	69	68	65	175	80	62	150	152	152	178	180	182	199	100	81	193	200	203
85943	142	141	135	227	226	231	197	185	168	213	211	214	181	148	96	153	119	68	71	61	44	33	35	33	95	94	83	120	90	50
89230	178	194	199	158	175	180	213	225	232	172	188	194	185	200	206	112	126	127	137	153	154	165	182	188	149	166	169	243	248	252
44021	61	59	62	79	74	72	147	146	141	127	123	118	43	43	49	92	88	86	109	105	100	210	199	182	175	148	124	180	174	162
118814	98	74	63	133	111	97	188	170	155	233	230	223	52	38	33	179	101	76	206	194	181	165	142	127	15	11	9	220	213	203
93843	131	124	103	89	72	53	233	235	237	112	97	75	201	203	205	143	140	126	175	173	159	21	20	20	160	157	141	61	49	37
85052	152	138	126	206	193	192	173	159	151	77	61	48	131	113	94	232	222	217	191	177	175	83	89	99	16	19	13	222	207	200
101037	181	186	171	164	155	144	44	32	33	215	208	195	82	73	72	237	244	244	224	232	233	147	132	121	121	106	98	230	168	158
84754	153	121	97	179	146	122	214	181	150	35	32	36	140	141	137	176	166	160	85	63	52	213	214	213	119	94	76	120	121	118
76860	245	244	242	127	122	123	163	158	158	85	76	71	58	52	48	201	196	197	107	98	94	204	75	120	27	21	19	79	26	26
39931	116	157	197	240	242	240	193	195	182	119	126	104	161	79	97	166	153	118	93	96	77	14	16	15	96	15	20	53	46	45
120596	223	227	231	165	84	89	220	218	223	216	199	188	187	134	131	211	209	216	147	158	169	201	175	169	151	45	50	130	7	14
117762	131	130	128	241	241	241	167	167	167	105	105	105	83	85	85	91	92	92	119	118	117	191	191	191	212	211	211	98	98	98
118931	170	148	50	128	121	81	101	82	13	55	39	9	190	179	112	202	200	169	146	118	24	252	253	249	227	229	206	203	182	50
128861	43	41	38	24	23	22	62	58	52	108	102	92	139	131	119	83	77	68	71	86	163	97	115	195	53	64	118	212	188	165
114166	88	60	49	205	202	203	205	144	118	115	106	104	188	177	176	174	160	156	146	91	65	25	25	25	223	221	223	147	133	128
120085	30	28	30	149	147	153	85	84	89	203	196	194	109	107	113	4	4	4	59	57	62	229	229	229	173	167	168	130	129	136
129557	166	178	152	122	137	110	147	161	133	196	196	47	122	149	53	231	231	231	161	170	46	207	211	192	95	130	57	70	112	59
107164	135	133	132	216	178	132	194	148	98	220	219	218	159	158	158	158	110	65	87	65	46	139	92	52	250	250	250	33	25	19
43492	152	44	41	239	127	102	21	22	23	84	57	53	40	36	37	140	108	91	224	51	48	234	223	202	237	85	71	205	170	141
125318	177	178	174	85	88	86	65	66	65	116	109	108	39	50	49	210	213	210	12	15	15	141	143	141	23	30	30	2	2	2
122912	189	139	124	219	222	233	82	86	103	190	185	188	108	114	135	160	164	179	58	57	65	202	205	216	157	104	92	132	138	156
35059	116	211	187	59	52	50	88	106	88	135	129	114	245	250	252	116	76	60	188	187	177	210	217	220	165	158	148	196	156	68
118288	163	90	71	122	142	128	63	160	166	97	40	32	184	129	101	201	175	155	46	97	91	155	46	43	206	186	108	234	214	202
114459	174	174	174	200	200	200	145	145	145	19	19	19	220	220	220	237	237	237	55	55	55	34	34	34	83	83	83	112	112	112
96652	52	35	22	147	121	94	196	191	184	16	11	7	224	220	213	81	62	44	112	93	73	176	156	133	254	253	253	131	80	33
47546	38	38	38	129	129	129	223	223	223	15	15	15	254	254	254	59	59	59	156	156	156	104	104	104	81	81	81	188	188	188
109507	151	151	151	220	220	220	209	209	209	122	122	122	98	98	98	40	40	40	69	69	69	176	176	176	196	196	196	233	233	233
114745	153	153	153	132	132	132	111	111	111	60	60	60	224	224	224	35	35	35	171	171	171	204	204	204	188	188	188	88	88	88
86379	117	126	141	17	20	18	141	144	151	233	238	239	81	89	103	60	67	77	100	108	122	158	162	171	37	43	43	162	184	217
30408	91	71	65	237	236	239	248	248	248	90	63	174	131	121	110	106	98	82	173	154	152	208	189	187	219	212	224	83	26	44
67445	7	17	16	19	52	56	172	108	85	207	150	123	211	206	198	93	110	116	116	84	75	51	82	89	134	140	146	69	62	57
54097	103	105	129	26	35	87	15	117	225	12	45	134	13	101	152	157	219	243	27	141	189	7	73	185	20	185	223	100	186	223
102700	198	167	110	210	208	200	237	236	227	181	148	87	72	71	59	172	172	166	105	103	91	253	254	252	37	35	26	135	136	130
76868	12	16	4	160	128	100	213	212	209	191	186	178	124	107	95	137	99	64	153	144	134	188	168	118	105	80	52	69	53	22
112274	61	63	46	36	39	31	136	119	113	7	7	27	158	135	133	116	102	88	89	83	65	218	206	238	192	173	196	174	152	164
122071	87	98	101	147	159	162	20	25	28	223	237	232	114	128	133	60	68	70	189	206	202	161	130	119	174	189	189	204	225	218
104253	62	60	59	250	148	125	106	106	109	51	39	29	136	136	138	185	82	43	216	216	219	15	12	13	85	84	85	168	170	174
116367	15	54	246	93	122	249	35	126	219	129	159	242	101	149	201	186	201	249	51	91	250	214	216	225	246	246	249	158	181	234
58357	166	165	148	177	132	106	190	194	178	62	46	35	97	73	60	146	102	82	217	213	201	10	12	8	33	29	22	199	167	141
75028	140	143	147	179	173	179	103	108	111	163	157	165	16	19	50	118	123	128	61	64	87	129	133	135	215	182	208	159	156	224
129555	96	59	35	1	0	1	136	133	126	96	92	85	150	111	72	62	62	58	68	118	145	18	16	15	42	37	32	182	179	168
25394	201	182	162	98	104	94	228	212	200	152	130	101	32	42	38	128	130	120	165	153	135	63	75	68	251	251	252	5	9	6
117852	172	179	182	150	157	161	161	168	171	202	208	211	139	146	149	105	112	115	126	133	136	229	234	235	38	42	42	185	191	194
116683	212	185	96	115	100	69	236	215	151	249	245	228	250	238	182	30	29	32	208	194	147	253	253	252	174	145	64	218	211	201
128762	131	139	138	51	48	48	68	68	69	31	26	28	106	113	113	238	235	237	87	123	66	162	168	169	86	89	91	200	200	204
30672	66	62	64	228	230	235	144	125	111	220	200	183	173	146	125	201	180	164	107	95	88	205	207	212	190	163	142	31	27	28
99294	240	240	240	79	79	79	175	175	175	42	42	42	202	202	202	147	147	147	120	120	120	223	223	223	254	254	254	25	25	25
80053	136	136	136	27	26	26	247	237	228	162	133	104	86	69	57	100	99	99	55	44	39	129	97	69	192	167	139	223	202	180
129402	134	138	139	178	144	122	49	37	26	202	206	208	226	228	229	175	178	181	17	12	8	111	91	78	79	63	50	150	115	95
100167	135	107	88	84	76	68	141	139	136	172	172	167	117	115	111	164	163	160	154	153	150	39	43	42	241	242	242	181	181	176
116172	235	234	229	251	195	47	155	152	147	89	92	71	189	29	47	55	55	50	121	118	103	197	191	185	29	105	163	26	25	24
114990	249	127	162	241	239	242	234	184	176	143	129	134	92	80	94	176	173	179	39	40	56	215	137	47	223	213	217	27	160	177
108832	226	227	219	193	188	171	101	40	39	111	99	93	144	145	138	170	68	51	49	58	77	203	142	75	37	133	175	31	22	30
118290	36	42	25	78	103	50	122	118	103	175	173	172	118	134	32	58	55	49	80	73	65	101	96	81	148	144	137	55	78	30
101244	147	146	143	71	70	68	101	100	97	207	206	203	186	186	183	167	166	163	29	28	27	254	254	254	126	125	122	231	229	226
91710	251	224	104	203	155	45	237	214	125	163	118	22	134	104	29	164	135	53	252	245	152	104	72	7	190	165	83	220	188	90
117689	241	231	207	211	195	162	184	146	99	228	214	185	227	179	113	241	204	144	131	88	46	191	172	133	156	120	80	95	59	20
120304	254	254	254	184	184	184	24	24	24	214	214	214	126	126	126	225	225	225	157	157	157	81	81	81	237	237	237	203	203	203
46739	187	187	185	47	47	47	164	164	162	221	221	219	107	107	106	137	137	135	31	31	31	209	209	207	76	76	75	228	228	226
122851	149	193	220	195	178	156	254	254	254	163	139	113	212	194	171	179	159	137	160	172	173	242	241	238	225	217	204	136	179	204
128630	153	205	49	253	253	253	226	88	85	230	219	210	201	229	103	173	174	160	221	35	38	157	15	18	238	147	146	94	102	82
43816	71	62	68	44	30	47	26	15	30	112	123	121	102	92	96	44	158	184	251	250	248	161	148	138	198	206	197	240	180	180
129250	144	84	73	102	82	73	209	208	205	167	128	118	85	55	42	186	183	178	162	156	150	131	121	113	49	33	23	232	232	231
123824	231	190	144	137	76	57	226	164	121	221	224	186	49	20	29	159	135	110	210	133	95	162	185	193	96	49	44	176	100	71
127835	238	161	148	124	122	127	66	43	39	223	210	217	39	21	18	1	1	1	195	130	100	117	81	70	176	170	175	248	247	249
106081	201	147	73	253	252	252	220	199	151	220	219	225	198	120	24	118	115	62	154	79	16	91	67	17	162	159	122	232	241	247
116928	146	136	119	170	155	140	200	183	175	242	244	246	168	110	83	3	14	5	126	116	99	29	43	30	104	94	77	70	69	55
125591	141	131	104	61	37	27	80	160	139	241	246	231	207	210	189	155	170	149	181	193	173	107	82	58	223	229	211	206	180	142
127225	150	100	63	125	127	114	231	210	204	15	13	18	84	101	82	173	152	137	25	36	32	205	182	174	35	59	45	67	71	55
30407	82	82	83	212	216	218	120	120	122	156	157	158	228	230	233	188	189	191	243	243	244	0	0	0	236	236	238	45	45	46
34962	95	110	101	216	69	68	231	228	221	236	227	70	78	136	204	115	199	75	116	174	219	180	164	74	54	44	60	166	155	159
128696	153	151	141	26	20	11	243	236	205	100	99	82	187	185	180	154	108	52	126	125	110	81	74	53	217	178	115	58	50	34
91619	26	19	25	55	38	39	254	254	254	135	114	104	81	60	55	216	204	190	201	176	156	231	230	225	105	86	80	171	143	126
126636	178	179	180	111	109	107	124	123	122	194	196	196	47	44	41	11	11	11	140	139	137	155	156	156	95	93	90	71	68	66
95058	99	83	53	204	203	202	231	230	229	88	70	41	172	172	170	153	141	122	135	118	89	74	58	33	116	98	67	54	43	23
101068	202	204	210	14	10	6	170	169	172	114	106	101	186	187	191	52	42	37	221	223	229	152	149	150	134	127	123	89	78	72
129269	116	81	69	24	18	15	156	109	93	170	169	169	49	36	30	80	57	48	228	169	117	211	211	213	244	247	248	196	133	112
23504	194	209	213	140	93	76	86	49	45	37	17	22	159	181	187	119	68	57	209	180	162	162	136	124	243	242	239	104	82	79
84514	149	204	207	99	121	5	221	57	55	184	203	30	4	5	5	37	42	41	74	79	86	115	109	79	114	128	141	159	158	158
106080	165	165	155	229	229	228	244	245	247	114	119	120	125	166	192	237	238	239	152	92	69	69	65	65	189	203	203	35	33	34
111836	205	156	149	62	55	161	202	114	81	194	236	245	68	56	72	26	19	29	136	146	155	121	99	100	221	193	192	160	48	38
88189	53	58	90	253	247	230	200	193	183	229	131	101	126	119	105	223	53	64	240	201	46	251	237	207	78	173	133	152	135	165
32186	24	18	13	132	116	111	64	50	45	42	33	28	113	96	89	192	172	162	221	215	216	171	147	130	236	231	232	92	74	68
113993	57	48	44	223	180	149	225	153	179	192	142	115	139	125	115	171	162	153	195	190	185	104	89	82	247	246	244	216	208	201
112433	101	61	50	147	190	201	227	198	172	194	151	122	111	114	107	144	87	68	60	38	35	25	12	22	214	174	144	170	121	96
43983	20	20	20	122	122	122	159	159	159	192	192	192	88	88	88	55	55	55	214	214	214	35	35	35	248	248	248	232	232	232
115334	135	127	115	86	120	169	82	87	97	182	171	153	78	97	141	197	184	165	163	153	137	229	221	208	66	67	70	212	199	180
27495	91	125	169	213	229	238	159	206	229	8	131	199	9	70	141	4	100	171	47	155	209	22	40	107	101	180	218	254	254	254
120486	214	153	68	215	191	156	161	141	110	89	62	41	244	239	225	15	9	7	51	34	23	2	1	1	33	17	10	126	99	72
104073	127	119	121	251	250	245	206	204	203	239	226	222	180	107	107	245	246	240	231	188	188	205	140	140	237	207	205	222	168	169
86737	28	22	22	219	213	206	194	47	50	97	89	86	163	149	142	143	35	36	130	121	116	242	240	235	83	44	43	190	179	171
27494	154	135	126	253	253	252	216	214	212	214	15	17	179	176	171	166	136	36	101	154	158	168	34	33	114	98	90	106	52	38
30207	227	93	8	128	49	10	172	119	36	182	70	9	40	23	14	225	167	52	76	45	21	117	82	35	250	222	178	253	246	214
108274	3	0	4	118	53	77	194	153	171	43	4	10	213	227	241	170	93	103	16	18	57	193	208	227	95	18	27	60	33	71
27094	174	174	174	220	220	220	87	87	87	251	251	251	190	190	190	203	203	203	15	15	15	153	153	153	124	124	124	52	52	52
129963	177	148	125	39	38	46	83	69	68	215	188	162	230	150	108	151	120	103	54	124	132	124	163	159	27	72	88	113	98	91
117096	111	125	141	225	237	244	202	226	247	87	80	72	63	42	28	139	128	87	165	162	121	174	32	31	197	188	170	167	196	227
67446	178	121	75	85	70	64	113	95	88	239	234	236	112	66	31	222	187	161	201	151	112	66	40	21	148	93	50	30	15	8
130169	9	3	1	56	31	19	115	23	10	150	36	15	245	199	157	64	10	5	185	63	25	214	155	101	98	64	43	138	91	62
127243	246	246	241	2	5	24	1	0	6	28	38	53	163	159	144	207	199	173	49	62	73	12	20	36	116	119	116	81	88	92
118360	58	61	61	200	199	201	81	85	88	163	162	162	32	33	33	115	123	138	103	108	113	147	145	143	180	179	180	129	126	123
123442	31	33	29	168	166	164	46	49	46	141	139	137	11	11	10	91	91	88	212	213	212	191	191	190	68	70	66	113	113	111
84757	244	242	242	188	3	6	187	64	70	240	188	201	123	118	116	224	220	217	181	181	182	219	166	168	219	93	105	58	38	36
27892	247	247	246	5	9	6	39	34	30	82	75	71	205	205	198	124	127	128	92	98	102	62	53	47	161	161	157	120	96	83
126832	118	116	111	89	87	82	57	53	45	75	71	63	160	159	155	30	28	22	231	231	230	136	134	130	103	101	97	190	189	186
95701	52	7	40	83	75	98	188	192	176	109	110	126	204	209	190	165	138	130	161	171	165	48	39	72	153	37	72	132	143	150
115663	70	92	143	237	235	229	155	163	177	217	183	144	189	201	212	241	137	53	187	63	24	39	26	31	122	68	42	159	118	88
41312	73	87	92	219	212	205	220	201	188	195	160	145	158	101	89	169	135	124	217	223	221	228	232	231	207	181	163	213	191	175
117742	90	86	81	192	192	192	217	218	219	17	24	64	11	31	120	180	180	178	113	111	114	203	205	205	143	141	138	161	161	162
120758	134	64	44	240	234	225	203	139	107	175	101	73	180	18	21	39	7	4	219	206	187	95	18	12	141	21	21	221	181	146
66979	61	64	54	102	105	92	6	8	5	24	27	22	128	130	114	254	254	254	41	45	37	158	160	145	81	84	73	202	205	192
41346	175	228	242	192	191	171	130	172	194	104	124	136	202	145	89	73	85	97	238	238	224	161	161	138	15	15	18	40	45	56
128540	92	107	109	122	129	132	170	175	180	185	189	194	153	158	161	239	239	242	203	203	204	17	34	35	138	142	144	216	218	222
128609	225	218	208	243	243	242	130	103	89	89	69	58	197	174	161	48	34	25	180	152	137	158	129	115	231	231	228	206	197	185
105973	60	59	179	86	203	68	132	117	119	171	59	184	186	190	176	167	47	62	191	140	46	56	195	168	58	32	50	48	115	73
118640	104	52	47	233	89	121	45	40	41	27	25	26	230	158	194	166	66	82	153	95	145	68	54	65	102	69	93	211	57	69
128885	224	177	153	164	196	204	197	225	233	50	52	63	88	94	103	127	157	167	17	33	43	12	20	27	182	140	119	235	247	251
60873	144	144	144	39	34	34	229	68	46	170	53	38	208	203	202	0	0	0	105	32	24	85	85	85	232	131	115	254	254	254
110377	123	115	101	14	14	14	87	69	42	143	140	137	28	26	25	48	44	38	180	170	152	99	90	76	65	63	61	211	205	191
101065	214	178	137	82	82	84	214	211	204	236	235	232	190	186	180	47	41	35	115	124	136	148	135	120	105	104	103	166	161	153
82207	191	25	2	188	170	7	248	218	3	120	115	110	10	8	3	133	107	12	240	233	231	189	178	174	194	135	81	64	58	27
113945	92	62	45	169	161	158	158	111	69	124	81	50	63	35	21	222	221	222	198	195	197	109	95	93	134	126	128	194	144	99
128880	202	194	186	190	178	167	146	108	74	213	208	202	188	169	141	172	149	113	66	39	36	162	139	106	243	242	241	181	157	121
86905	158	146	147	191	181	182	120	112	114	219	212	214	53	52	55	82	79	81	5	4	6	17	17	19	31	31	34	250	249	251
54802	231	200	168	126	125	113	122	204	233	244	195	80	76	55	38	107	81	57	241	73	56	190	164	137	32	32	28	249	249	249
117801	222	223	243	189	190	211	206	207	228	234	235	253	199	200	221	217	218	238	238	239	254	211	212	232	230	231	250	226	227	247
77679	220	222	225	151	156	161	132	136	140	93	98	96	30	31	25	3	3	3	171	178	182	113	118	120	194	200	203	62	64	59
127139	232	243	249	85	85	71	171	172	180	33	31	30	137	141	137	105	103	80	66	65	57	139	134	82	203	213	226	110	114	113
100168	51	56	52	37	42	41	150	148	127	19	98	150	176	175	156	18	22	21	103	168	203	102	101	85	27	31	31	71	72	63
101056	123	120	115	203	207	208	155	152	144	192	194	195	219	223	224	180	181	180	73	75	78	49	50	53	20	19	22	242	242	239
129469	156	193	19	226	116	111	250	211	11	250	143	12	208	67	68	253	253	252	242	197	85	231	212	166	249	75	14	185	19	18
120213	198	193	187	126	120	108	65	61	51	89	86	75	220	217	211	24	23	19	42	41	38	171	160	142	237	235	230	8	7	6
101261	181	167	205	55	73	68	35	41	38	186	174	121	152	124	82	43	138	141	219	210	160	35	183	203	86	101	91	121	140	166
127885	39	30	16	195	52	57	239	195	171	107	66	47	14	10	6	188	130	101	65	51	33	217	166	136	157	93	62	248	228	215
125246	41	97	167	210	109	125	147	143	150	47	136	216	209	208	207	22	23	27	43	60	102	177	177	183	117	142	181	140	104	94
49770	47	45	102	32	31	43	84	73	68	143	149	142	68	83	145	122	124	116	166	174	168	102	100	94	194	202	200	73	42	40
121561	56	50	54	233	208	198	108	102	108	79	82	193	19	18	22	153	143	139	86	74	80	39	38	85	55	54	136	37	34	39
51107	18	62	28	166	168	146	28	138	58	72	68	55	162	168	125	105	107	85	125	125	102	241	241	233	10	21	11	40	189	82
118919	236	236	233	201	201	199	138	100	68	253	252	251	228	227	225	244	244	242	221	220	218	212	211	209	231	214	210	188	185	182
27177	119	110	101	181	196	219	93	80	64	140	130	120	9	100	125	241	240	238	185	176	167	161	151	141	145	161	193	24	31	34
119830	238	217	207	166	156	147	191	188	193	59	39	32	156	82	58	222	174	147	254	254	253	143	120	106	209	121	112	99	71	59
117108	142	120	108	235	231	228	113	97	82	210	180	175	39	41	42	62	59	51	156	94	72	196	131	113	85	77	64	177	152	146
112480	92	53	22	226	186	128	174	129	81	224	208	182	126	105	79	207	156	94	121	81	42	174	152	126	154	105	55	252	252	252
91673	147	147	147	119	119	119	247	247	247	173	174	174	225	226	226	254	254	254	238	238	238	193	194	193	211	211	211	76	76	76
88429	228	231	234	15	24	34	122	139	154	51	66	82	33	41	53	101	90	87	154	170	185	88	109	127	7	11	15	195	204	213
115881	186	176	161	244	244	244	174	156	133	249	249	249	245	246	246	147	133	116	56	57	60	217	213	207	213	181	141	230	229	227
129388	146	10	3	78	1	1	198	48	7	168	30	5	113	2	2	232	162	59	186	11	3	227	88	16	247	234	153	233	28	5
116746	120	137	129	215	214	217	198	201	184	121	134	75	175	183	161	150	165	157	26	35	19	92	111	95	71	84	50	152	163	118
103177	116	92	102	202	204	226	137	109	119	176	172	188	88	69	83	29	22	36	252	253	253	158	152	167	52	42	58	140	131	146
124804	111	110	112	144	144	147	74	72	74	193	193	195	128	127	130	94	92	94	42	37	43	163	162	165	212	210	215	178	177	181
101444	168	163	158	191	186	181	50	43	41	242	243	243	148	142	137	18	15	13	119	109	102	222	222	221	208	205	202	80	71	68
109718	137	120	104	120	104	89	37	27	18	157	141	123	56	45	37	77	65	54	98	84	73	232	224	203	193	177	154	24	18	10
32022	172	140	125	18	10	15	129	95	100	61	39	46	246	247	242	206	190	183	92	61	68	39	97	62	37	24	28	69	153	105
35636	88	88	88	188	188	188	230	230	230	116	116	116	167	167	167	56	56	56	209	209	209	141	141	141	39	39	39	252	252	252
29637	239	239	239	129	129	127	224	227	228	193	194	185	206	209	203	15	17	21	51	53	54	166	165	162	214	218	218	92	92	93
124598	15	87	136	119	171	208	169	176	188	56	137	184	131	139	150	46	50	57	185	194	207	9	67	109	72	78	87	23	27	32
126637	51	51	41	180	183	188	201	221	244	229	216	201	77	74	60	143	146	150	26	28	23	126	130	131	127	121	97	99	98	82
124405	93	93	95	0	0	0	165	167	177	138	138	140	23	23	26	234	233	238	197	196	203	115	114	116	76	76	79	37	37	40
102696	237	235	220	191	179	149	160	145	120	174	160	134	208	200	172	222	217	194	232	223	172	95	82	64	146	128	102	129	109	85
103559	211	181	148	223	205	183	60	31	15	233	235	100	170	167	181	236	231	225	244	243	241	152	88	57	191	146	108	228	219	209
34319	40	32	25	226	223	222	77	63	46	254	254	254	136	148	58	191	193	80	196	137	89	118	104	75	167	175	66	183	180	163
100340	108	105	96	140	137	126	214	213	208	86	83	75	254	254	254	179	175	165	53	50	46	124	121	111	158	154	143	30	28	25
26846	242	241	240	0	0	0	220	220	220	36	20	24	101	93	90	132	119	116	195	194	194	160	147	140	234	232	228	70	64	61
89558	101	101	101	51	51	51	161	161	161	76	76	76	254	254	254	191	191	191	220	220	220	7	7	7	28	28	28	129	129	129
87017	51	113	163	45	53	66	148	199	104	238	237	238	155	197	224	186	211	162	211	218	217	100	108	116	107	170	215	142	154	161
117337	146	146	146	82	82	82	131	131	131	215	215	215	195	195	195	100	100	100	176	176	176	161	161	161	239	239	239	116	116	116
91055	129	128	133	191	190	197	170	169	176	83	81	82	107	105	109	240	240	242	57	54	52	30	27	22	213	213	219	150	149	155
110454	234	232	225	165	170	176	187	187	189	24	23	28	108	106	109	7	7	9	140	143	149	212	210	207	48	44	49	79	71	75
81688	223	223	223	87	72	52	176	176	176	119	115	105	154	154	153	132	130	123	143	143	139	104	87	66	164	164	165	194	194	194
54811	186	193	190	230	242	244	204	172	133	105	71	46	184	146	112	65	16	17	150	152	147	124	91	66	93	36	30	160	117	85
91295	122	116	108	14	11	7	141	113	87	213	217	213	107	90	75	44	37	30	171	175	172	64	56	48	83	73	63	156	142	125
115362	153	134	148	29	8	27	53	31	50	201	192	198	254	254	254	71	49	68	118	95	114	93	69	90	16	4	14	41	19	39
127306	89	78	121	224	199	170	154	111	79	58	52	82	237	176	119	187	138	101	146	138	133	194	169	142	253	252	251	235	234	229
125237	181	177	178	74	91	125	46	44	53	153	153	159	86	109	145	103	133	158	9	9	9	68	73	91	127	123	130	209	201	194
30352	18	14	9	220	83	126	145	134	121	186	199	213	63	51	40	204	211	221	88	73	60	127	114	100	172	166	157	108	94	80
127929	237	192	198	170	168	154	129	130	117	87	95	84	218	166	167	190	137	137	18	15	14	144	94	86	79	50	45	246	241	239
118388	241	241	241	212	211	211	230	230	230	236	236	236	219	219	219	234	233	233	206	206	206	225	224	225	246	245	245	215	214	215
125203	65	107	90	180	158	146	23	45	21	52	72	47	139	126	111	176	37	14	113	94	76	4	14	4	198	115	75	234	57	28
102320	81	83	71	141	114	93	114	155	193	188	188	194	206	195	195	218	208	209	152	153	161	134	136	147	101	111	121	50	56	52
118219	185	211	236	67	50	30	242	229	193	229	236	243	86	83	85	16	12	10	139	126	67	115	84	43	129	147	169	194	175	137
47741	100	86	94	121	113	122	88	75	82	71	59	63	130	132	147	192	203	200	108	99	106	52	41	42	27	22	21	170	157	156
86764	169	94	53	32	29	30	125	124	123	249	248	246	230	227	215	77	73	71	191	117	71	179	172	144	205	201	180	169	187	73
119690	253	253	253	222	222	221	195	195	191	118	115	106	141	106	48	222	202	84	75	72	62	184	155	63	146	145	141	169	168	164
55452	51	21	54	174	173	174	67	31	73	188	188	188	106	74	101	206	205	206	218	218	218	165	113	205	160	159	159	76	39	81
124137	41	39	38	76	73	76	204	189	52	248	176	24	27	26	26	8	8	8	141	124	94	54	53	53	235	221	92	16	15	16
125704	159	159	147	213	211	198	152	140	69	235	235	233	245	182	100	242	157	174	111	143	120	252	190	37	248	249	248	181	181	174
98081	240	240	250	227	177	168	205	210	217	196	183	177	227	210	84	233	197	196	153	173	165	233	222	229	159	202	207	212	139	143
120830	235	235	235	97	97	97	199	199	199	66	66	66	36	36	36	130	130	130	245	245	245	10	10	10	181	181	181	159	159	159
41317	190	134	113	220	202	196	95	86	87	137	45	17	248	247	249	183	171	169	28	19	23	205	84	24	233	227	226	126	139	140
117606	234	248	249	38	94	171	24	21	30	170	238	250	141	162	190	170	128	106	69	76	100	250	253	253	215	244	248	195	238	245
125560	26	26	26	202	202	202	228	228	228	215	215	215	163	164	169	251	251	251	147	147	152	242	242	242	182	182	185	131	131	135
128679	122	110	78	52	47	27	201	226	246	149	137	105	91	81	51	103	139	161	173	161	131	190	183	162	154	194	226	211	204	187
117799	211	220	253	184	187	232	69	67	116	194	199	243	199	203	248	178	180	226	206	214	253	202	208	252	204	210	248	189	193	238
105982	188	185	180	73	67	59	41	39	39	231	230	227	205	203	199	93	91	88	166	162	155	120	117	112	151	144	134	15	14	15
123381	108	94	78	147	121	92	172	145	126	117	141	144	215	216	212	72	71	58	149	184	209	197	191	179	176	168	159	34	23	21
26990	14	12	9	72	66	60	35	29	24	54	49	45	225	214	156	248	246	221	178	164	116	134	123	98	87	83	78	105	100	93
83746	87	84	91	8	8	16	239	243	247	152	149	143	182	179	173	46	52	63	214	217	221	202	200	193	130	129	127	167	165	159
117797	83	155	226	40	41	36	44	65	93	98	121	138	211	209	191	155	124	77	190	174	132	89	86	68	140	164	184	134	199	245
84505	198	206	203	238	223	190	40	45	38	215	189	145	108	186	187	238	236	230	157	165	160	188	161	115	83	149	145	254	254	254
120875	216	216	216	135	11	16	152	145	145	206	206	206	228	228	228	236	236	236	193	191	191	222	222	222	39	24	24	101	97	98
76750	108	87	69	217	214	231	176	144	46	74	3	102	161	147	140	12	20	22	232	194	39	88	112	120	46	52	72	179	193	193
50108	239	241	243	227	107	30	162	160	167	20	18	31	50	45	56	100	98	108	125	90	78	198	199	204	75	71	82	130	128	136
93153	171	169	161	227	221	93	22	22	24	75	63	50	122	111	40	180	174	53	103	101	108	236	235	224	130	124	125	31	111	164
95782	60	55	46	42	37	31	100	93	85	237	231	217	124	119	115	13	14	8	202	190	172	24	23	20	78	72	63	159	152	145
119408	56	55	58	132	159	196	134	141	156	111	140	180	89	107	138	157	184	217	199	206	220	178	181	193	96	124	163	229	230	235
128070	139	124	110	85	97	116	47	43	47	106	61	40	65	68	74	234	170	136	248	240	228	209	88	60	28	20	19	164	186	225
102969	110	111	122	146	150	177	46	33	29	69	67	74	148	83	30	174	181	202	87	41	16	249	250	242	209	149	60	18	16	16
23749	84	176	201	240	239	233	7	5	4	148	140	127	51	71	100	189	197	196	91	69	53	127	99	75	70	102	137	56	43	33
117624	135	113	87	66	48	37	120	98	75	144	121	94	108	87	67	127	105	81	155	131	102	78	61	48	140	52	30	54	39	30
125589	114	145	133	225	175	153	100	90	79	167	134	108	200	207	190	50	43	42	45	122	110	150	169	153	222	223	208	178	188	170
98083	110	51	50	130	60	60	89	42	40	130	110	109	174	154	154	151	73	73	29	27	26	220	209	208	61	33	31	252	253	254
127521	178	178	177	48	48	47	164	163	161	190	156	131	73	71	68	150	149	147	129	128	127	18	18	18	33	33	33	105	101	98
53412	155	154	150	51	48	45	63	62	58	219	219	215	134	133	128	182	181	176	84	83	79	149	148	143	107	106	102	167	166	161
124827	104	78	60	60	42	30	185	174	142	24	21	21	8	6	6	38	41	46	139	112	92	90	92	95	28	31	37	69	64	63
29394	95	95	94	158	148	135	205	196	185	65	126	236	43	34	34	89	58	37	7	6	7	40	87	200	58	62	73	121	123	123
109344	73	80	47	175	162	159	116	105	97	160	147	133	70	65	65	250	250	251	92	85	80	49	46	48	59	69	41	137	127	116
128146	28	25	18	125	154	89	108	134	72	68	67	43	137	166	104	171	152	119	99	100	63	238	230	217	140	123	91	201	183	159
114954	87	47	29	172	155	125	83	76	70	202	197	175	19	12	27	125	83	41	225	222	207	27	21	33	45	35	40	151	121	77
98398	88	85	79	106	104	97	77	76	72	213	213	213	246	246	246	126	126	125	180	180	180	151	151	151	65	64	59	50	50	49
82450	190	203	168	245	244	206	151	121	109	22	18	50	196	47	71	185	159	131	70	47	66	220	196	154	233	225	180	116	83	87
100816	213	211	211	125	119	120	18	4	4	187	184	183	103	96	96	254	254	254	146	140	140	164	159	159	31	36	34	75	68	67
105977	85	82	82	216	216	215	189	188	186	25	24	21	164	162	161	60	57	57	114	110	109	140	137	136	9	8	8	38	34	31
39958	182	67	56	171	140	115	200	183	167	75	89	61	53	45	34	235	220	204	119	104	86	219	150	114	63	62	49	101	67	53
50140	90	86	92	108	208	130	194	166	118	165	145	111	110	111	99	137	127	106	67	58	87	168	179	151	38	26	79	227	224	183
27459	155	155	153	208	207	203	231	211	165	229	228	224	198	153	56	175	175	173	193	192	189	213	188	127	129	112	83	222	220	217
78830	53	63	65	176	192	197	206	176	61	156	131	54	191	204	209	238	245	247	141	152	153	234	90	94	248	209	43	226	37	37
27992	68	67	73	209	209	210	25	24	29	135	57	61	92	37	41	45	44	49	169	42	45	116	46	50	140	139	141	254	254	254
128884	85	2	1	58	15	10	217	214	195	94	82	66	133	125	108	164	159	144	102	5	2	251	250	227	187	183	167	108	35	15
118860	244	240	227	55	45	35	18	15	12	96	86	70	69	63	53	185	177	159	100	64	37	36	31	26	124	108	87	149	139	122
126965	76	72	76	193	168	151	207	205	202	100	102	115	148	136	140	56	51	52	4	4	4	38	33	32	19	17	16	133	105	72
130251	118	107	112	238	202	86	76	74	74	170	121	73	36	30	27	235	235	233	150	137	143	107	67	55	177	164	171	207	209	211
110510	116	86	78	170	134	123	196	163	156	131	99	91	91	60	53	158	122	112	184	148	138	239	239	244	211	203	207	145	111	101
129495	139	141	153	233	232	226	110	111	128	82	81	102	245	241	232	189	191	194	220	220	216	58	56	78	205	206	205	166	168	175
113984	131	48	43	186	142	83	24	13	11	228	36	53	80	100	92	71	241	106	138	151	176	244	67	187	65	39	29	243	243	136
80615	59	59	59	144	144	144	229	229	229	37	37	37	84	84	84	171	171	171	25	25	25	113	113	113	254	254	254	201	201	201
70764	15	7	7	187	151	135	153	125	130	200	177	172	170	155	191	105	51	26	102	88	85	45	44	47	184	132	89	153	101	64
126784	137	128	118	224	229	229	45	40	38	22	20	19	75	68	63	109	98	89	4	3	3	183	183	185	194	160	130	156	160	165
104022	57	62	57	73	77	71	198	190	167	139	138	127	225	215	188	22	26	21	116	116	108	40	45	40	95	96	89	168	164	146
124622	211	210	206	194	193	189	169	162	146	121	100	85	182	176	165	155	142	120	16	8	5	205	66	64	209	183	83	223	222	217
121229	166	165	172	43	71	51	194	192	195	15	52	120	252	252	252	7	20	42	45	107	188	128	133	134	227	222	220	87	100	100
127535	224	236	233	87	137	135	3	28	25	122	181	178	195	166	152	129	105	90	61	107	105	169	216	212	35	81	80	14	59	59
96916	42	55	169	1	1	1	162	148	126	91	85	74	198	184	163	231	223	207	130	113	86	36	31	25	96	72	32	62	58	48
126760	93	78	95	116	99	113	192	227	234	38	41	62	20	84	130	69	59	75	139	126	136	44	67	98	41	137	181	141	173	191
129276	151	137	104	93	92	77	201	189	158	208	198	171	191	177	144	191	173	121	51	52	47	218	210	186	172	158	125	130	114	83
116887	237	234	229	175	174	169	126	126	122	234	231	225	235	232	227	153	152	148	231	227	221	244	242	237	236	233	228	199	197	193
110513	100	81	76	4	3	11	49	43	46	203	183	165	128	102	92	155	126	110	12	10	20	69	62	64	33	30	34	181	154	134
118570	91	90	91	153	152	153	2	2	2	57	57	57	231	231	231	180	180	180	252	252	252	124	124	124	207	207	207	24	24	24
121581	104	96	100	91	73	63	82	75	87	221	219	174	39	27	35	132	128	124	71	57	62	29	16	20	144	152	158	53	40	48
27749	227	209	220	148	152	142	228	107	156	2	1	2	71	24	24	140	34	46	99	101	95	206	54	85	46	69	64	23	13	14
126957	93	92	96	112	112	112	3	3	3	26	23	27	47	44	55	73	71	78	134	134	134	217	169	96	158	157	154	184	180	177
123441	19	25	44	62	85	114	148	169	181	36	40	62	198	213	217	43	53	80	53	67	96	79	104	130	124	147	163	101	124	147
52928	40	23	25	122	78	58	190	168	153	187	148	122	157	114	92	82	48	44	198	188	184	144	144	143	132	105	89	171	129	106
123353	24	24	29	163	63	12	115	133	148	109	106	102	234	200	138	148	133	116	149	156	160	233	225	209	54	76	93	198	192	185
50074	176	35	17	183	111	23	214	21	20	72	20	20	229	181	24	58	27	16	125	45	17	100	19	18	232	193	81	148	75	20
129578	248	248	245	246	182	74	78	87	23	171	176	135	96	111	35	108	125	44	204	202	175	120	136	55	143	149	99	73	113	195
129170	48	45	40	169	164	163	197	205	212	215	223	230	180	187	194	14	14	11	108	103	101	148	139	137	215	189	180	231	238	243
50480	23	23	25	237	121	134	85	82	85	230	225	221	237	12	44	155	24	40	48	45	48	133	129	130	187	179	178	238	55	80
107927	190	183	168	117	97	83	219	223	220	41	30	20	236	239	232	179	152	128	228	232	226	245	247	240	206	209	203	213	218	214
117748	234	230	231	186	178	177	145	133	126	165	156	153	212	210	212	175	166	165	116	103	90	205	198	197	197	189	188	221	219	220
128243	75	71	65	52	50	46	97	90	83	130	131	119	220	224	209	147	148	135	167	169	154	24	27	24	112	111	103	188	191	175
87284	225	231	228	35	40	38	78	79	79	160	179	210	189	196	197	168	163	173	121	138	162	159	144	135	89	106	120	137	95	72
27384	165	167	154	134	94	79	213	236	230	82	57	57	140	29	30	195	219	214	182	200	193	63	22	26	155	130	112	200	168	138
107597	31	37	72	8	11	24	61	77	137	203	209	217	42	53	103	104	112	144	83	74	87	2	2	7	18	22	45	147	151	173
54880	17	12	11	100	91	84	202	158	128	12	83	116	121	68	42	78	69	62	5	4	2	125	112	103	199	19	38	47	31	39
34956	23	19	17	62	57	55	135	118	109	215	201	195	78	82	85	99	105	107	233	238	240	182	172	167	106	88	79	162	145	137
110197	248	249	251	218	220	225	212	71	39	58	59	66	150	155	160	183	187	190	97	88	83	47	35	37	123	130	138	11	87	124
87537	164	116	91	40	26	21	140	92	74	179	131	104	176	154	136	204	200	195	254	254	253	237	239	236	126	121	109	96	69	58
122358	253	85	109	223	3	45	253	68	91	150	23	35	253	102	128	252	52	79	253	136	162	241	21	61	253	203	218	250	39	71
117829	186	154	133	198	194	190	183	178	175	212	211	209	245	246	247	61	62	63	239	239	241	233	233	235	226	225	226	207	205	202
129874	201	197	220	111	133	200	252	252	253	232	175	132	228	224	231	172	184	197	240	144	66	237	110	30	82	218	156	148	166	220
100807	247	247	244	186	181	167	131	125	104	210	207	201	245	238	211	68	62	47	236	223	181	163	155	129	101	95	78	214	199	146
128181	29	6	1	116	64	47	93	47	32	207	186	174	50	18	7	176	120	96	179	150	136	143	86	66	71	32	19	229	216	209
86739	79	90	93	190	176	140	190	182	167	254	254	254	56	50	55	164	152	137	216	213	207	142	129	107	102	57	61	125	96	81
56863	241	231	198	151	137	118	185	170	150	231	220	188	252	247	215	199	185	164	216	202	178	248	241	207	171	157	136	125	112	94
86176	170	156	145	209	199	214	79	74	62	57	53	43	148	137	121	190	109	106	102	95	81	125	67	62	126	116	100	29	27	19
114747	37	37	37	116	116	116	142	142	142	234	234	234	181	181	181	12	12	12	90	90	90	206	206	206	63	63	63	164	164	164
108673	213	205	195	142	142	118	238	235	237	190	91	71	171	169	160	52	52	50	78	79	80	111	113	95	102	115	158	221	150	137
101241	160	161	161	200	200	200	112	112	112	183	184	184	151	151	150	170	170	170	140	140	140	86	86	85	128	128	127	179	179	179
91634	109	111	106	157	155	142	78	81	81	249	247	242	215	156	90	42	48	52	137	136	124	17	18	19	190	183	164	223	213	193
85960	254	254	254	171	143	99	202	177	139	27	22	17	52	49	60	96	95	119	220	216	209	104	77	48	12	9	5	138	110	71
88427	42	27	115	168	57	108	129	159	182	251	251	216	115	111	129	137	13	77	218	228	209	198	214	207	233	238	212	164	190	203
125249	232	232	233	184	187	200	152	161	185	60	153	235	61	118	188	148	124	130	22	22	23	61	72	110	211	212	216	92	165	234
118628	228	96	71	96	99	136	197	160	187	193	74	57	48	71	117	159	176	238	161	124	153	214	97	74	110	127	174	234	224	241
98082	201	208	217	49	55	64	146	157	169	94	104	116	23	26	31	231	235	241	121	130	143	174	183	194	71	79	90	0	0	0
84707	204	204	189	170	163	154	54	33	45	84	59	64	119	109	114	142	93	73	245	244	222	101	91	99	139	132	132	34	10	29
129034	89	85	86	125	127	125	241	245	249	205	211	217	156	155	153	217	222	227	176	178	180	152	115	100	55	53	56	192	198	204
125234	41	37	42	142	154	182	215	214	215	197	195	199	151	107	88	199	147	121	100	129	174	169	177	195	74	87	122	118	176	234
30722	65	42	41	97	109	87	183	155	96	195	206	209	124	144	128	252	253	253	147	107	45	203	186	142	142	161	155	162	180	181
129289	153	139	129	27	29	29	180	168	161	87	89	85	121	114	107	43	44	43	245	243	239	213	197	188	62	64	61	223	180	125
116246	202	188	174	127	108	92	250	247	240	26	27	37	213	202	190	183	168	152	220	213	206	161	144	127	86	73	64	232	225	215
98090	70	70	70	223	223	223	170	170	170	240	240	240	155	155	155	205	205	205	187	187	187	108	108	108	254	254	254	136	136	136
31035	244	243	244	27	26	32	143	90	66	223	222	221	225	182	160	179	174	171	206	204	201	179	138	118	64	78	102	89	54	38
102460	3	4	3	60	61	62	19	17	15	33	28	23	97	99	103	114	117	122	42	39	36	136	138	144	79	80	83	167	169	174
74804	212	204	210	254	254	254	198	176	181	230	226	230	144	70	69	190	135	154	162	119	103	97	37	30	203	68	128	79	60	124
114462	181	162	157	187	57	51	48	60	83	75	56	44	17	14	13	107	92	87	146	125	124	41	31	27	221	213	202	141	47	35
102451	225	225	223	234	234	234	214	210	191	120	94	63	75	60	40	88	164	159	149	118	126	188	131	84	180	176	170	200	183	117
118382	172	189	160	82	136	63	125	173	68	141	172	120	166	146	56	197	161	102	140	99	56	217	221	210	197	205	188	43	54	33
125218	59	44	43	207	156	129	239	228	198	226	85	91	222	186	153	233	213	179	185	127	105	163	100	85	101	61	56	138	78	68
83741	247	250	250	132	156	160	71	72	61	173	196	196	215	230	229	110	132	136	41	38	29	192	212	212	86	103	108	153	178	180
89813	60	123	168	241	229	226	123	190	216	134	126	119	165	159	153	210	183	172	225	205	198	100	91	86	52	52	56	220	116	49
104824	166	171	182	223	224	223	236	236	235	215	215	214	103	94	82	125	135	155	254	254	254	169	134	89	196	196	196	199	173	140
121550	190	160	138	247	247	250	56	58	145	24	25	79	213	215	219	37	27	24	203	194	187	140	111	96	84	65	58	36	37	109
120970	205	207	203	253	253	249	79	74	68	138	147	154	116	112	103	176	149	114	184	191	195	28	27	27	165	173	178	223	227	224
77565	95	66	41	253	252	250	141	110	69	165	162	153	207	185	165	178	144	98	229	211	198	134	139	142	20	15	22	196	160	115
84296	244	243	244	210	68	84	154	147	133	217	100	114	180	36	49	123	113	100	223	142	153	132	29	39	201	42	56	208	199	197
52316	228	66	60	90	120	85	79	210	145	240	235	233	238	146	123	122	193	195	173	228	209	83	168	217	93	169	180	251	252	252
86321	245	245	238	200	192	173	243	222	115	179	156	113	124	87	39	244	207	4	233	230	220	220	215	200	216	176	56	250	225	64
116342	9	14	18	87	100	107	127	93	70	133	140	143	75	59	52	209	219	229	23	36	45	37	64	79	202	147	110	175	183	189
23660	240	240	239	199	177	164	223	206	194	61	43	36	134	107	90	179	154	139	91	69	57	219	43	37	163	133	117	167	29	25
100192	139	122	105	156	139	122	171	154	138	90	77	65	54	47	40	9	8	6	117	101	86	219	202	187	202	185	169	187	170	154
44482	31	22	25	89	103	119	67	77	91	35	38	63	40	54	81	157	153	157	32	26	45	248	248	247	44	71	100	54	88	118
100812	229	235	234	94	7	16	200	198	195	59	5	10	193	19	52	127	13	30	151	108	114	19	4	5	224	42	84	163	9	28
130259	41	26	15	155	162	203	152	145	140	56	41	31	76	59	46	231	231	230	90	74	65	111	94	73	130	114	98	254	254	254
100881	253	253	252	220	111	86	185	163	144	221	50	19	236	234	230	79	64	53	228	221	216	243	243	240	207	193	181	143	123	101
106323	173	153	133	228	212	193	253	253	253	140	115	94	239	228	215	233	220	204	110	77	51	206	182	155	221	199	173	244	242	241
115436	133	155	163	16	28	33	175	178	177	123	131	131	237	240	241	76	87	90	201	206	206	100	110	109	47	56	61	157	152	146
122923	64	81	138	250	251	253	149	182	239	41	37	56	180	158	177	69	63	87	122	106	128	14	9	16	218	219	237	107	121	195
99485	94	151	181	86	43	26	26	25	26	125	172	195	61	129	163	5	107	157	0	1	1	159	100	68	23	75	103	135	67	38
86359	27	24	21	252	221	23	244	12	28	220	122	27	134	82	46	248	247	246	123	132	148	250	177	18	76	74	71	217	191	174
110446	145	141	135	212	222	219	157	153	145	20	13	16	185	189	185	118	111	102	60	45	50	87	78	86	132	127	119	169	168	161
127540	152	153	154	230	231	232	58	54	53	108	99	95	16	16	18	37	37	40	170	172	177	26	26	29	131	129	128	81	75	71
117819	239	239	241	217	213	204	191	189	181	224	228	231	202	201	195	161	156	144	225	220	212	89	89	82	232	232	232	231	228	223
128090	139	110	120	97	70	83	253	203	156	101	97	113	207	161	169	248	163	126	53	30	47	155	140	169	185	129	123	250	209	189
121142	179	178	175	138	136	133	26	105	144	213	212	211	58	67	70	94	97	99	65	117	169	242	114	36	109	50	21	100	170	196
86372	76	76	76	46	46	46	163	163	163	144	144	144	235	235	235	124	124	124	17	17	17	212	212	212	183	183	183	101	101	101
90985	253	254	247	249	250	24	180	209	208	59	39	53	119	121	60	7	10	8	84	164	175	12	173	12	188	7	125	10	135	152
114300	183	179	91	195	129	109	239	235	118	139	144	167	123	94	71	34	22	39	222	183	154	243	244	239	39	52	129	71	84	192
28195	105	178	222	124	105	79	219	194	136	210	133	156	221	217	215	156	187	65	242	205	54	229	125	53	161	134	185	243	239	234
28704	61	83	92	17	4	6	187	183	176	100	107	111	31	23	29	148	120	84	111	81	55	153	139	123	54	49	54	174	164	149
121348	6	57	154	9	138	232	132	127	136	22	41	67	7	98	191	13	15	21	113	180	234	204	212	219	89	55	59	53	171	243
28196	111	106	95	44	43	38	60	60	56	26	23	19	135	131	119	137	102	49	156	154	141	78	51	29	107	129	166	87	82	71
84592	55	107	96	66	39	32	102	145	138	89	132	127	125	170	165	140	186	177	224	236	251	123	66	51	112	159	154	85	78	67
59339	31	21	29	43	71	130	186	187	174	111	79	68	242	243	240	146	125	117	30	49	99	198	209	193	62	43	46	204	165	137
28402	143	199	230	107	187	224	140	141	144	56	170	214	5	151	208	232	236	237	212	211	213	182	181	183	188	222	237	252	252	251
115023	209	154	111	83	76	68	153	103	53	54	43	34	114	105	97	104	62	29	146	139	130	16	16	13	177	173	162	214	209	191
66289	71	65	63	93	79	70	81	86	96	4	2	1	14	8	5	31	25	22	21	17	12	44	37	33	57	50	47	141	122	102
118595	105	71	16	217	156	43	226	226	217	194	178	153	26	23	8	163	122	89	54	109	148	61	47	19	96	74	50	143	94	55
87542	202	198	187	96	86	72	115	106	93	21	17	12	177	173	162	190	186	175	67	61	52	153	149	139	148	127	97	131	125	117
109836	225	217	213	103	104	148	115	93	106	117	125	173	165	161	175	217	195	178	82	61	91	84	80	125	61	33	62	135	124	141
118678	96	112	102	217	217	216	232	231	230	158	158	154	225	224	222	202	202	199	246	246	245	193	193	189	178	179	175	210	209	208
118674	102	93	84	32	24	18	179	174	167	197	200	200	160	156	155	71	64	57	135	132	130	147	144	144	231	234	233	120	116	114
41340	167	153	141	111	115	133	112	54	37	97	40	26	125	62	41	220	192	160	211	172	128	78	28	21	137	79	55	195	139	92
91322	65	96	84	158	197	200	154	109	76	218	222	221	101	132	123	37	55	42	205	204	200	234	235	234	185	182	172	151	158	147
128172	217	217	214	162	162	176	139	140	160	185	185	192	152	191	231	158	111	126	203	151	150	112	113	139	246	246	246	102	79	97
25008	166	154	142	193	186	172	208	214	217	192	146	96	132	117	98	45	32	21	15	8	6	81	85	62	173	102	34	128	48	26
123820	178	224	247	26	189	191	133	201	239	208	217	212	96	75	64	43	30	27	237	190	150	155	160	161	232	241	236	142	117	104
96872	47	65	146	3	4	5	245	196	27	76	110	174	107	153	206	74	73	62	33	39	48	27	50	124	22	22	25	239	119	9
118965	227	221	202	48	71	104	127	145	166	13	20	51	218	209	183	226	216	190	237	225	199	246	244	235	240	232	213	120	159	79
98396	208	180	37	161	144	135	60	56	44	110	77	43	19	31	23	83	84	79	146	105	67	177	177	184	33	40	32	113	117	120
67444	250	161	145	248	246	240	249	129	116	249	241	226	245	230	210	114	77	58	213	180	132	182	143	98	242	196	166	242	217	189
94538	34	31	32	133	99	32	44	38	12	56	50	43	93	76	38	161	151	121	67	58	19	223	212	181	112	105	88	24	20	6
54878	23	24	37	62	75	122	40	45	80	176	173	165	131	120	103	186	184	178	222	230	239	150	145	134	163	159	151	211	214	218
55464	78	67	59	211	199	176	42	40	39	198	171	131	241	240	240	221	218	216	114	106	93	146	142	137	218	36	38	174	132	89
117754	93	86	74	35	30	22	209	210	205	152	149	139	186	186	180	67	60	49	168	168	161	135	130	118	233	234	233	115	108	96
86753	176	124	83	229	127	18	130	86	74	240	147	66	103	59	35	51	27	17	212	164	129	188	90	21	233	203	175	254	254	253
119345	71	27	21	37	26	29	154	138	131	69	65	66	186	181	176	111	101	98	239	239	239	57	54	56	86	79	77	47	45	49
129994	154	156	158	135	137	139	170	171	173	100	107	114	53	59	67	82	91	101	197	198	197	236	235	234	213	212	211	185	185	185
78862	57	55	57	203	199	197	195	191	187	112	94	89	169	156	151	141	123	118	188	181	177	19	20	21	181	170	166	156	141	136
118962	246	245	235	224	220	202	232	222	195	241	235	218	238	228	205	174	170	163	225	215	189	217	208	182	123	112	98	64	53	43
53572	76	66	61	141	130	120	188	176	163	230	221	211	100	89	81	43	35	33	25	20	17	217	207	195	60	50	47	206	195	182
66992	250	250	250	181	179	177	8	5	5	41	37	36	133	129	129	240	238	238	78	6	6	237	215	92	84	81	80	218	215	214
38209	228	228	228	254	254	254	224	224	224	238	238	238	1	1	1	214	214	214	127	127	127	170	170	170	66	66	66	196	196	196
62505	56	98	94	75	148	139	65	145	133	19	23	32	40	65	67	58	130	117	173	169	163	87	155	147	127	119	116	233	218	211
122546	220	231	234	194	210	216	39	43	54	27	28	29	167	182	186	92	87	85	128	134	138	207	170	145	163	128	105	53	59	79
29134	188	181	148	239	243	251	208	211	214	137	173	99	228	232	238	158	124	94	107	139	58	132	89	61	219	223	228	71	101	43
116501	66	105	125	36	72	93	51	92	113	21	39	54	111	90	68	250	250	249	113	126	131	217	217	213	183	178	170	85	115	130
30613	160	144	44	76	70	32	120	109	41	226	209	34	35	32	18	208	192	41	232	216	37	219	203	38	191	175	44	2	2	2
100194	213	218	202	209	212	195	149	135	129	50	23	37	118	102	103	224	232	214	201	200	184	187	181	170	168	158	150	88	66	72
105979	242	242	242	183	156	140	252	252	252	224	191	131	116	65	37	137	113	101	211	196	184	228	226	224	19	17	16	201	133	58
40836	253	253	253	174	174	174	50	50	50	114	114	114	22	22	22	81	81	81	5	5	5	221	221	221	198	198	198	145	145	145
34351	163	162	156	91	64	40	231	234	239	99	81	64	78	61	45	90	72	55	130	124	115	107	93	79	192	193	192	214	217	221
99004	224	173	140	126	80	50	86	54	27	164	140	147	162	100	68	39	23	13	196	140	87	108	67	39	74	35	13	104	105	115
129260	242	241	236	189	62	50	101	89	71	179	166	164	73	75	129	61	57	65	213	204	199	34	34	34	226	167	54	132	122	118
43978	194	134	86	12	12	13	125	69	41	247	244	229	72	76	50	217	189	147	202	176	106	125	128	81	176	99	62	39	37	25
129379	170	85	37	234	220	203	186	35	31	58	35	26	97	83	76	207	190	172	195	125	77	145	130	118	190	167	148	221	208	191
115977	202	214	225	66	57	54	12	14	21	118	108	104	96	82	75	41	35	34	150	138	132	4	4	8	221	190	175	176	168	167
47538	106	50	72	79	69	87	114	133	139	197	214	211	166	168	168	59	34	53	147	141	144	127	95	105	214	228	224	207	222	218
54856	136	137	142	39	52	73	184	186	186	201	155	111	90	145	189	165	122	88	217	174	128	214	212	209	55	83	123	230	193	147
77563	254	254	254	195	191	183	24	11	10	54	34	28	90	94	67	88	52	40	163	154	121	136	77	48	105	150	105	145	113	78
104157	135	135	130	107	105	104	191	191	187	230	225	210	165	164	157	254	254	254	211	207	194	80	80	80	33	33	35	56	56	57
50746	97	77	74	160	166	163	181	183	180	23	29	34	72	168	168	229	238	243	211	207	202	215	221	221	195	193	190	140	127	119
80707	192	180	168	144	129	116	236	240	246	101	90	83	71	66	63	180	210	242	210	200	192	30	30	29	165	155	145	131	110	93
31650	251	252	250	192	189	178	219	213	199	248	245	171	101	103	75	149	169	106	246	236	111	176	212	139	52	52	44	233	201	68
127232	117	107	90	152	137	128	187	173	166	103	64	41	137	93	64	183	123	82	243	240	241	26	12	10	216	173	123	213	207	211
25700	199	188	168	192	142	96	170	110	70	45	40	31	225	219	204	146	136	119	85	64	46	216	205	187	135	85	55	174	164	147
113977	8	7	7	180	35	43	78	71	61	148	135	116	37	87	108	212	207	189	109	101	99	45	35	35	181	168	144	44	156	179
103147	127	143	92	91	107	122	89	107	66	16	120	180	148	138	133	169	16	33	59	77	40	201	199	198	170	167	166	30	37	22
128760	122	129	127	246	250	251	167	120	76	33	26	35	223	223	212	200	162	113	123	84	61	225	208	151	178	180	183	71	57	55
105975	77	89	75	204	184	173	20	40	34	191	174	161	152	143	124	36	57	49	126	119	95	175	162	145	53	72	61	221	197	187
116798	211	211	210	182	177	162	217	155	25	19	17	19	194	194	190	254	254	254	147	151	140	9	121	9	234	234	233	81	102	74
91007	166	124	93	109	69	44	209	191	176	235	234	233	158	98	66	242	243	243	188	127	90	174	109	74	186	145	114	247	250	251
50277	155	168	167	125	113	65	109	120	109	41	43	30	149	142	106	198	208	213	231	237	241	80	82	60	172	165	133	188	188	171
55462	67	113	97	64	44	37	76	202	206	208	149	22	186	183	185	16	12	10	155	68	61	223	223	222	159	129	126	40	172	190
117178	2	143	215	61	85	88	73	151	197	1	150	220	147	140	149	2	135	201	103	17	27	168	166	176	2	139	211	215	198	197
109968	187	187	184	227	227	226	231	232	231	233	233	233	235	235	235	223	223	222	204	205	203	240	240	239	215	215	214	229	230	229
129397	91	145	145	15	16	17	91	103	105	74	79	81	139	138	138	243	245	251	172	178	182	44	47	48	125	171	173	206	208	214
29744	163	158	151	145	187	184	32	61	43	174	211	212	198	191	183	103	134	122	254	254	254	116	161	155	70	103	85	221	225	224
99495	222	214	174	185	188	167	163	166	148	34	36	28	118	108	76	135	141	126	145	132	92	80	74	50	176	159	112	248	249	237
117404	90	104	32	146	138	98	103	117	52	119	130	70	186	198	167	160	164	121	217	225	219	33	30	3	85	85	11	58	61	6
72287	57	200	217	99	209	223	161	144	148	12	136	152	79	73	74	144	223	232	76	205	220	125	216	228	248	12	42	221	53	65
128857	55	52	56	39	41	48	26	28	35	196	196	198	72	66	69	128	120	122	219	219	219	97	94	99	243	244	244	165	160	163
110868	205	172	151	235	213	199	28	15	12	221	193	176	163	117	83	188	147	120	244	228	219	84	43	25	251	245	240	129	82	54
126967	14	13	19	151	131	187	124	100	91	76	71	74	55	50	54	32	30	37	180	135	102	30	117	97	84	72	145	227	210	232
116934	213	222	208	119	91	52	209	197	155	193	178	141	181	158	112	33	123	22	207	209	182	157	126	82	29	47	13	238	240	232
129817	172	102	75	130	73	56	250	250	250	170	129	109	220	218	217	235	234	234	198	166	152	208	134	102	231	194	173	223	161	131
123380	189	195	187	180	186	178	128	138	129	202	208	199	168	177	168	173	134	115	187	55	35	38	34	29	90	94	87	155	164	155
30328	127	57	46	42	35	43	5	4	7	193	122	56	203	197	188	157	145	133	182	170	156	120	107	102	57	65	89	232	231	230
118596	208	158	96	149	129	111	218	198	176	170	95	23	246	169	5	22	38	50	98	83	77	236	222	207	25	79	138	185	164	142
78933	237	159	10	194	176	137	166	135	84	224	190	105	193	104	44	201	159	81	223	215	182	245	245	236	133	69	15	137	100	45
127545	69	71	81	45	49	58	238	240	247	24	28	35	177	101	63	10	11	15	180	183	196	142	140	157	206	209	221	104	100	109
124831	75	188	193	215	216	208	193	120	74	136	139	132	174	187	178	53	103	121	54	146	162	218	162	110	46	48	56	223	223	217
115120	232	231	239	34	30	34	122	116	123	148	138	143	222	194	187	152	110	97	203	161	148	83	69	69	167	157	164	184	174	178
125252	30	120	211	98	74	66	102	116	145	49	133	218	138	147	168	41	85	152	209	207	206	158	101	86	176	176	181	22	42	63
127064	155	24	27	235	239	243	210	208	204	223	226	228	97	62	52	178	163	155	139	99	82	55	20	18	194	189	182	161	130	118
118155	204	202	211	194	193	202	136	135	145	184	183	192	216	213	219	172	171	181	107	105	113	238	232	232	157	156	166	74	68	71
37862	166	166	166	63	63	63	56	56	56	86	86	86	115	115	115	129	129	129	142	142	142	101	101	101	154	154	154	68	68	68
115129	14	32	88	219	199	186	11	84	174	195	160	142	252	252	250	119	97	89	238	234	228	16	17	24	139	147	157	16	53	135
126833	214	214	214	172	172	172	3	3	3	113	113	113	89	89	89	150	150	150	193	193	193	62	62	62	131	131	131	31	31	31
52921	96	64	64	54	37	44	136	121	124	122	91	90	205	213	210	162	155	154	90	92	102	53	55	69	183	185	184	27	17	27
116466	4	8	3	210	212	215	21	121	150	23	38	21	73	82	81	227	229	232	148	148	137	193	194	195	173	173	168	250	250	251
128551	93	67	53	153	91	38	125	100	88	215	158	32	57	37	32	210	19	16	109	23	16	28	12	12	201	179	159	163	134	116
115005	98	98	98	72	72	72	151	151	151	25	25	25	46	46	46	4	4	4	240	240	240	180	180	180	211	211	211	125	125	125
39996	133	53	54	216	67	68	188	73	74	222	83	83	227	92	92	96	40	41	166	63	64	12	5	5	219	75	75	54	24	24
27642	42	29	24	212	153	114	127	81	54	177	111	75	199	136	97	243	207	174	223	223	223	225	169	130	235	182	143	241	194	157
115384	60	109	149	23	30	28	176	200	215	43	79	111	189	172	127	49	54	58	236	225	187	98	84	65	239	248	251	143	123	89
30332	134	98	69	11	7	9	38	33	34	213	198	184	51	75	82	202	169	135	241	236	234	143	139	128	94	62	40	179	136	96
30623	231	234	238	39	52	58	120	85	65	86	107	116	201	197	183	176	187	195	210	213	214	170	125	99	189	177	159	163	156	143
30125	179	164	144	201	193	169	209	207	185	189	177	155	131	104	92	151	132	116	170	153	135	243	243	242	225	231	209	162	144	127
78002	153	140	134	205	200	199	10	8	9	66	53	53	177	167	164	24	19	20	121	102	97	38	30	31	50	42	43	238	234	233
36580	51	58	60	196	173	150	158	139	118	130	153	186	230	248	253	222	200	177	99	124	148	130	179	252	184	216	246	64	91	108
37406	87	91	102	187	181	183	22	23	29	249	223	210	66	69	81	142	143	153	253	253	253	116	117	126	48	49	57	219	223	225
116138	155	89	69	230	160	112	247	148	83	229	217	192	219	106	59	246	216	148	79	82	81	245	246	240	190	171	151	239	130	68
101962	191	172	143	82	63	61	215	201	162	56	45	45	235	226	188	19	17	25	35	31	32	169	146	114	110	88	78	140	118	91
86177	221	222	219	41	48	51	161	169	175	134	114	93	219	181	153	101	130	124	16	19	20	165	145	123	189	198	202	92	90	72
23512	141	122	137	124	105	120	71	51	68	105	86	102	178	161	174	167	147	161	197	194	205	220	217	225	156	136	151	209	207	216
120821	175	131	123	243	203	187	227	176	165	102	64	77	126	86	91	52	25	51	199	156	144	78	42	64	253	234	214	152	109	106
98813	134	86	60	254	253	251	227	175	131	240	200	155	87	56	40	246	223	182	176	118	82	206	148	107	213	201	190	241	233	218
34898	133	119	94	101	89	69	179	168	145	248	250	251	237	237	236	223	221	215	51	45	33	158	145	121	198	188	167	213	206	191
91638	37	36	40	115	104	99	23	87	179	8	7	8	169	165	162	218	198	188	70	67	67	227	70	51	151	140	134	249	249	248
84496	236	65	23	67	21	17	149	24	26	113	182	12	245	46	113	190	41	37	106	26	22	32	19	14	219	185	170	212	158	43
65327	224	224	224	87	87	87	19	19	19	152	152	152	201	201	201	56	56	56	129	129	129	108	108	108	175	175	175	250	250	250
121358	48	83	185	81	70	69	16	15	22	26	32	72	197	197	194	164	158	151	247	246	240	46	35	36	28	51	143	129	117	106
127936	131	63	11	213	177	136	177	183	187	218	142	64	131	99	59	153	86	30	246	232	210	171	141	105	61	42	24	176	115	53
121231	75	104	119	124	130	116	243	235	159	45	88	126	177	176	140	51	46	39	227	180	121	42	81	106	234	216	142	196	124	93
115751	149	109	53	189	59	74	254	254	254	31	35	50	59	52	54	223	214	211	141	136	135	94	75	79	22	27	43	226	161	53
127538	138	137	137	221	216	213	152	153	154	21	21	22	167	169	172	67	62	58	86	80	76	121	119	118	46	43	42	105	99	96
25676	185	223	227	199	158	136	233	240	238	74	71	83	33	31	50	97	119	131	160	191	195	146	103	94	228	195	186	133	156	162
29747	173	160	150	85	68	105	147	133	183	205	193	184	58	40	59	8	6	8	108	89	136	121	104	106	128	114	148	239	237	232
31677	84	88	44	108	103	92	182	156	129	120	124	127	49	53	20	161	132	98	139	143	147	244	242	237	198	190	178	177	16	12
107926	42	41	41	111	51	108	90	79	76	61	60	62	55	92	45	116	116	114	73	61	66	45	61	45	58	47	52	69	117	65
92227	108	89	71	86	63	42	123	104	85	29	29	28	205	202	198	164	149	130	254	254	254	70	68	66	44	43	41	15	15	15
90187	110	80	63	143	126	115	173	161	155	207	199	196	123	104	95	223	222	225	162	145	134	191	180	174	59	32	16	162	124	101
91299	223	208	194	131	96	75	247	245	239	101	71	53	73	96	88	172	154	138	201	182	167	146	123	103	25	29	28	40	57	57
95783	18	12	21	164	159	156	215	225	226	58	13	8	53	55	73	77	34	26	118	61	38	197	42	51	124	111	102	106	37	18
106557	127	20	18	77	60	26	208	191	96	208	210	236	121	125	150	162	140	43	135	48	40	127	100	31	169	91	75	165	172	203
85958	144	125	103	221	217	207	180	166	148	163	146	125	171	155	136	154	136	114	205	197	182	191	179	162	100	76	52	129	108	86
128555	137	69	31	250	239	214	165	96	49	117	52	21	90	36	13	154	82	39	180	108	57	195	125	72	241	179	120	215	146	89
104020	123	109	110	205	201	199	154	145	144	221	219	213	229	229	228	182	176	174	40	35	43	238	239	238	13	10	16	94	65	70
28058	116	101	94	235	127	111	248	246	239	231	204	188	56	33	18	162	148	140	166	36	35	222	49	40	155	92	44	88	61	45
64640	195	177	167	234	229	233	72	142	107	148	135	96	203	213	217	207	146	30	200	87	144	144	191	190	172	207	210	35	63	38
98910	81	79	58	120	110	75	12	10	14	80	24	35	34	20	26	216	151	109	129	48	51	45	51	43	173	92	64	167	131	92
119577	172	144	101	254	254	254	112	90	63	218	197	152	138	130	120	40	36	29	233	227	206	65	59	51	145	118	80	194	169	125
103391	121	88	31	143	136	121	101	99	96	138	103	40	122	95	59	199	195	177	102	74	26	186	146	2	156	118	3	173	167	146
66250	201	201	199	171	137	136	170	169	164	158	158	154	127	25	22	155	83	83	181	180	176	161	112	111	144	53	52	145	146	141
23468	40	41	51	119	123	136	85	135	138	69	68	78	129	135	149	142	149	163	164	174	189	103	107	119	188	201	217	86	89	101
53766	67	33	30	125	60	51	231	155	128	106	44	38	190	115	91	240	198	173	150	55	45	22	12	9	233	89	68	250	231	212
107416	207	143	58	134	105	99	182	79	33	111	46	30	243	229	220	223	192	112	246	235	226	221	202	184	50	10	6	161	158	151
108726	164	23	14	81	39	15	208	147	72	20	5	2	227	64	31	156	103	52	70	79	90	52	21	6	235	197	142	112	68	30
117893	183	195	194	132	146	147	253	254	253	26	25	29	141	162	161	129	93	85	89	95	95	161	176	175	63	67	68	116	123	125
119583	210	159	61	169	136	86	1	0	0	238	218	153	157	108	41	109	71	28	128	100	65	252	251	230	207	178	119	59	39	17
129109	54	133	206	156	166	178	137	139	148	106	93	88	22	74	140	65	50	43	90	71	60	25	31	45	120	114	119	177	195	208
129950	74	39	32	158	78	43	75	64	88	203	127	73	107	57	42	47	22	19	148	120	122	18	7	7	212	180	162	130	87	77
115196	144	131	74	249	245	219	187	169	104	187	134	3	216	203	146	60	56	14	102	94	37	203	159	10	220	185	57	168	110	5
120737	133	92	76	153	9	23	158	121	110	160	159	158	114	59	51	71	27	20	171	173	172	183	187	189	209	222	226	196	204	207
83755	192	186	161	223	219	198	3	3	3	44	43	37	94	90	79	208	208	196	134	130	116	216	207	178	167	163	145	200	197	179
104016	56	56	47	95	95	87	226	223	217	112	112	106	131	131	125	78	77	68	181	182	177	149	149	143	200	199	194	165	166	160
129860	60	123	185	182	121	78	224	227	203	118	137	144	10	45	79	62	92	98	128	62	16	181	182	170	10	67	151	7	7	26
45280	160	113	102	91	121	111	204	193	102	126	159	149	51	73	66	214	221	213	29	138	133	146	54	39	181	189	177	240	243	240
87530	222	222	219	247	249	250	201	196	189	151	105	67	170	160	147	110	106	97	152	136	117	81	71	50	31	31	25	186	180	168
110487	38	133	184	86	68	54	82	154	191	150	110	79	58	145	190	229	221	220	26	118	171	195	185	178	19	24	22	189	150	120
31945	123	95	100	181	29	21	208	175	154	48	26	26	89	67	71	75	50	51	162	101	71	120	69	48	181	138	114	231	218	205
120088	185	129	87	78	82	81	120	119	115	223	174	135	96	97	96	131	136	136	125	77	43	64	66	63	142	150	149	176	178	174
101410	245	244	248	95	38	33	219	217	221	167	163	164	133	120	125	61	78	123	192	190	186	208	205	204	15	39	90	232	231	236
128699	67	67	60	23	25	17	116	101	89	47	46	37	14	15	9	186	145	130	184	50	36	241	232	220	34	34	26	98	36	27
63130	42	40	41	206	203	205	28	23	21	76	47	32	250	246	244	157	152	156	114	109	110	65	63	61	87	83	81	10	7	5
127304	254	254	254	86	86	86	33	33	33	110	110	110	60	60	60	145	145	145	185	185	185	12	12	12	216	216	216	232	232	232
25671	123	124	126	144	145	146	200	200	200	46	47	50	109	110	112	169	170	170	78	79	82	92	93	97	62	63	66	234	234	234
85006	119	67	43	114	107	103	187	174	173	46	20	11	148	98	70	164	136	121	86	77	72	13	5	3	85	38	21	60	51	43
119013	3	3	3	145	133	139	35	35	39	108	101	107	19	20	23	54	52	57	79	75	80	197	182	186	240	227	232	101	68	53
49411	148	148	146	43	44	46	126	126	126	97	97	97	233	233	231	190	190	188	69	70	70	169	168	166	212	211	209	13	14	16
110516	57	35	31	221	161	128	97	59	40	250	248	243	183	79	74	154	106	70	175	123	87	130	88	63	199	144	110	138	62	58
117490	202	197	189	79	77	77	239	242	249	8	8	15	216	215	214	229	230	237	210	207	202	223	223	227	189	183	176	158	151	142
24523	158	148	132	253	237	209	86	82	76	122	115	104	247	228	198	223	208	183	190	178	158	57	54	52	42	41	40	253	245	216
129535	251	251	251	223	217	211	216	37	31	199	116	101	118	28	20	158	149	134	35	29	22	211	178	160	128	89	70	3	122	73
101249	118	85	80	253	253	252	230	228	226	124	16	12	203	192	191	165	77	73	176	158	156	74	24	18	122	46	42	151	124	121
104017	89	94	88	75	81	74	60	65	59	212	203	186	146	145	134	127	129	121	102	106	99	114	117	111	173	169	155	41	47	40
29923	182	182	182	79	79	79	51	51	51	107	107	107	7	7	7	156	156	156	21	21	21	227	227	227	132	132	132	212	212	212
109602	87	57	55	213	206	196	176	168	159	155	73	64	158	156	141	191	181	174	112	85	81	166	118	104	191	94	80	126	127	120
41334	147	141	135	10	13	11	125	122	117	170	162	155	201	198	199	110	95	75	52	48	39	239	239	241	183	178	176	223	221	222
108897	67	14	31	50	10	22	172	49	81	139	38	66	245	181	191	240	112	137	88	23	43	110	30	53	250	248	247	212	70	104
128860	59	68	109	102	98	92	159	113	89	73	69	64	131	130	126	53	52	48	78	92	154	206	168	138	37	36	34	22	22	21
116665	119	145	169	42	43	33	70	69	59	217	243	249	98	103	103	193	169	130	204	199	183	139	131	120	156	214	248	105	92	65
85533	128	129	124	215	215	218	98	101	92	204	205	209	190	191	193	160	160	157	50	53	44	173	174	174	239	240	238	146	146	142
120300	140	143	146	89	90	93	168	167	166	43	40	40	114	117	122	62	62	63	237	238	235	201	196	190	11	11	10	24	23	23
120777	90	84	93	188	185	191	67	59	65	136	131	142	143	92	12	231	183	20	227	226	230	159	155	165	111	106	117	37	26	26
118348	62	62	62	188	188	188	131	131	131	171	171	171	152	152	152	32	32	32	199	199	199	212	212	212	237	237	237	108	108	108
114840	86	91	95	235	225	202	109	111	107	155	149	127	198	187	156	177	168	139	31	40	50	132	130	116	217	205	176	61	70	79
86885	100	100	100	185	153	143	107	107	108	169	205	210	135	157	186	66	62	60	92	175	142	100	122	123	119	113	116	130	129	142
32492	92	94	93	45	47	45	169	171	170	151	146	140	126	122	117	66	71	70	212	219	220	188	169	152	20	21	18	199	194	189
125837	246	245	248	218	218	220	161	156	155	194	199	126	139	144	87	94	97	50	183	179	180	207	206	205	228	228	229	238	238	240
38277	24	18	15	92	85	78	218	215	211	127	119	111	247	247	247	178	172	165	201	196	190	231	230	232	238	238	239	156	149	141
101055	211	216	220	236	239	238	106	109	102	83	65	67	28	33	36	146	151	147	166	172	171	129	132	127	180	186	187	194	200	203
120599	237	31	85	201	0	1	227	165	189	178	1	1	142	1	2	239	2	9	8	0	0	74	2	2	44	0	1	111	2	3
87529	202	202	204	226	227	235	40	49	28	75	122	129	91	84	73	155	150	145	16	16	14	124	109	97	57	70	52	183	181	182
118580	182	162	135	243	237	228	214	202	185	251	247	241	198	183	161	225	215	201	155	134	109	254	254	253	234	226	214	110	92	74
100778	72	47	79	212	196	141	130	101	100	198	180	202	96	91	143	249	247	241	95	73	88	236	230	203	166	133	169	174	149	111
81945	212	216	223	156	179	187	192	194	200	186	156	59	138	149	152	105	113	118	235	238	243	117	35	46	112	109	44	201	74	73
36122	85	118	40	136	134	129	191	183	172	43	61	30	227	226	223	128	162	53	246	246	245	74	73	85	210	206	202	165	188	98
27740	192	148	111	134	103	81	19	27	22	216	212	206	46	78	52	82	120	89	194	62	27	131	155	136	236	233	230	193	185	169
95704	125	143	163	109	103	93	180	184	186	77	98	124	62	69	80	188	175	145	107	122	143	151	137	110	151	161	173	216	217	212
119002	67	52	53	11	15	20	42	31	31	0	1	2	135	114	112	186	165	161	53	69	102	99	77	78	33	44	58	19	28	38
24090	133	133	133	86	86	86	226	226	226	249	249	249	113	113	113	62	62	62	37	37	37	195	195	195	12	12	12	156	156	156
104199	239	236	197	45	38	34	84	71	51	162	191	180	83	113	104	130	155	142	124	101	73	161	136	94	192	175	131	201	208	183
111393	177	162	168	227	152	185	209	208	209	250	250	250	91	85	87	1	1	1	121	111	115	61	58	59	158	125	140	238	163	196
85537	215	75	125	95	95	90	27	64	105	150	142	134	28	34	33	49	58	54	74	75	71	216	203	201	121	118	111	182	168	165
81059	59	67	68	88	92	86	215	212	196	174	175	160	40	51	56	26	34	40	108	116	108	11	17	23	139	143	131	63	84	89
26473	121	120	99	27	27	31	47	49	49	253	253	252	208	205	193	155	155	133	36	37	40	77	79	69	60	63	58	97	98	82
91678	231	225	176	189	188	167	226	217	147	250	250	243	243	242	225	237	233	201	123	126	101	194	178	116	74	90	78	147	153	127
125072	122	78	74	238	152	36	147	149	139	202	97	33	150	66	32	89	50	42	42	49	66	71	98	143	27	28	38	57	72	106
127935	21	119	96	49	152	137	205	205	192	80	168	153	126	129	118	125	201	194	7	163	143	95	191	181	39	59	49	51	182	170
122859	145	138	136	111	93	79	233	222	212	130	116	106	163	122	28	208	221	245	218	185	37	94	72	56	201	176	151	164	168	178
93507	69	68	69	241	241	243	52	52	52	85	83	79	143	141	142	13	12	13	188	187	190	34	34	34	102	100	96	218	217	217
64425	119	120	111	197	198	192	144	145	137	227	228	226	163	165	158	99	83	74	181	182	176	43	47	55	211	212	208	9	17	16
124173	228	229	230	231	207	182	58	68	73	183	73	61	251	251	250	27	29	31	157	132	126	213	214	216	180	182	184	215	189	163
86180	216	177	136	19	22	24	232	232	230	145	125	95	180	170	155	128	155	164	91	91	83	213	212	208	194	192	186	164	148	124
27568	184	184	191	220	216	218	136	131	134	231	228	229	169	164	167	139	51	75	244	238	241	88	84	86	207	202	202	222	76	125
106479	243	243	242	120	105	90	226	223	214	85	77	68	207	201	188	168	169	165	142	133	119	56	52	46	28	23	21	210	169	111
123331	29	29	29	13	13	13	151	151	151	79	79	79	46	46	46	122	122	122	98	98	98	188	188	188	62	62	62	241	241	241
117686	107	86	77	213	213	215	107	117	119	180	153	136	228	237	246	89	57	41	164	116	94	197	186	178	119	154	167	38	25	13
120679	162	157	151	112	109	105	99	97	93	254	254	254	50	45	41	192	188	184	136	129	121	228	230	232	107	84	64	78	76	72
26144	176	130	80	186	141	89	146	95	58	114	115	121	192	148	95	179	175	176	57	51	54	206	163	112	237	237	236	198	155	102
53774	182	182	182	207	207	207	23	23	23	232	232	232	91	91	91	142	142	142	63	63	63	118	118	118	44	44	44	161	161	161
29745	223	222	220	43	42	42	25	22	22	87	86	86	246	246	246	62	61	61	115	115	116	159	158	156	192	191	189	7	6	6
114457	137	135	138	71	67	71	24	19	21	233	235	233	98	96	101	206	154	126	186	187	193	208	208	212	121	118	120	162	161	166
101442	127	110	82	39	28	16	130	128	68	175	157	131	215	196	170	83	69	42	104	89	59	194	176	150	62	48	28	150	135	107
118542	254	254	254	218	212	207	165	161	163	206	195	184	239	239	239	247	247	248	110	89	82	169	138	113	230	228	226	205	180	150
37903	37	34	124	137	115	37	225	154	234	21	18	12	22	145	218	63	54	33	130	16	56	5	4	4	38	30	21	171	51	171
128673	126	118	104	102	92	80	157	156	160	199	185	165	76	69	59	176	159	131	52	94	111	138	135	132	230	217	197	29	30	23
129247	251	250	249	148	81	53	213	166	134	141	123	111	95	59	41	190	123	91	111	94	83	206	192	181	172	155	144	51	31	21
27557	175	152	108	127	126	57	223	100	101	93	155	96	67	50	49	237	208	160	234	148	126	161	61	51	242	43	48	246	134	33
126830	204	200	198	188	186	185	23	21	19	184	153	134	146	116	94	218	215	211	58	51	38	102	83	61	232	228	223	241	238	232
101446	243	75	29	124	103	110	246	198	184	50	19	26	246	132	80	209	200	202	179	23	23	54	55	83	239	234	230	188	162	160
119918	149	149	149	240	240	240	209	209	209	193	193	193	172	172	172	223	223	223	120	120	120	87	87	87	34	34	34	234	234	234
123068	7	9	15	164	173	174	219	232	233	239	246	249	142	133	130	51	46	48	179	191	191	193	209	210	205	220	221	105	88	80
41935	163	145	128	32	28	21	201	19	21	106	83	52	212	181	21	202	194	183	18	128	197	17	140	39	230	229	228	247	247	249
50870	63	59	57	147	139	133	89	84	80	36	34	37	118	111	105	5	4	7	229	227	222	201	197	191	16	16	20	175	169	162
129393	146	146	145	15	13	13	187	188	190	164	165	165	98	97	97	212	213	215	67	56	57	253	253	253	128	127	126	37	30	30
78943	208	203	194	254	254	254	136	159	166	53	51	56	152	183	196	29	26	28	208	179	122	103	106	111	170	131	54	221	172	68
126820	120	134	154	234	227	146	69	39	50	132	75	69	144	128	138	103	97	117	176	187	205	219	159	119	117	121	139	155	157	174
128064	183	162	144	103	81	69	52	55	56	12	22	32	211	212	212	193	189	184	152	129	110	137	152	159	105	109	107	230	233	237
37892	92	63	50	239	239	238	145	125	115	164	155	148	150	84	72	184	180	174	221	221	218	112	94	84	55	39	28	203	202	197
73223	121	115	99	28	24	26	198	201	201	166	158	139	72	69	67	231	235	238	108	140	159	169	90	44	210	216	221	186	184	175
49196	71	68	68	109	108	107	167	150	131	88	85	84	124	126	127	180	171	163	148	125	103	55	55	55	120	94	82	201	199	195
97088	240	242	249	48	44	32	224	215	213	214	199	192	196	163	131	142	151	141	234	231	234	159	127	96	93	94	70	202	183	165
41450	239	242	243	170	151	144	210	145	19	154	100	32	202	191	188	27	19	18	131	108	95	3	3	4	58	37	34	96	65	53
127539	43	42	43	74	68	65	154	156	159	120	115	113	139	137	138	232	234	236	23	23	25	180	185	191	99	93	89	167	170	175
128677	212	216	205	191	194	173	145	177	77	245	246	245	236	237	234	236	233	167	236	210	107	83	118	62	171	200	108	20	73	20
117745	191	192	206	119	120	121	140	142	148	160	149	101	135	121	57	32	26	18	68	51	39	165	169	183	232	181	137	102	101	98
108337	232	219	205	14	16	23	241	237	234	94	78	71	138	118	104	41	39	43	211	154	116	254	253	253	169	160	155	209	196	184
53112	118	132	117	194	174	134	203	213	208	126	93	36	25	109	47	253	254	253	149	26	29	208	188	23	31	30	26	136	183	182
115394	8	93	211	225	227	229	241	197	168	88	158	172	157	196	213	243	206	182	3	141	101	6	123	222	1	66	197	234	236	239
100166	161	126	108	205	175	152	213	215	215	67	63	64	187	151	129	23	25	26	138	103	89	204	191	181	102	84	76	40	40	39
34256	149	92	55	131	79	44	200	199	201	117	111	102	154	148	138	162	103	66	108	59	24	175	175	171	64	64	60	212	212	214
115040	28	24	19	133	153	7	99	103	123	130	135	153	164	170	184	80	92	7	70	72	91	138	27	17	205	209	216	180	203	15
119017	91	33	11	77	75	78	40	40	42	117	119	113	197	149	122	11	10	6	175	192	210	141	157	167	235	228	236	173	76	42
120750	203	35	51	132	22	20	240	201	205	157	26	27	254	254	254	112	20	19	212	100	111	227	146	155	200	65	79	170	43	51
36529	123	116	119	79	76	70	151	154	160	35	37	23	102	94	92	52	51	40	165	172	178	7	7	3	65	63	56	137	137	140
91609	22	26	21	47	51	43	5	7	5	95	107	102	34	38	32	120	132	128	206	205	198	59	63	56	153	162	157	73	85	80
89814	119	96	78	164	151	141	124	130	122	165	200	199	144	171	166	213	223	222	184	177	169	155	133	117	176	162	153	72	55	45
127249	66	66	66	155	155	155	130	130	130	33	33	33	218	218	218	195	195	195	100	100	100	175	175	175	14	14	14	247	247	247
129987	62	106	141	239	236	226	187	181	163	197	58	42	252	252	249	225	219	205	237	186	45	27	48	68	153	154	140	209	202	184
96914	86	98	118	66	75	98	93	93	95	130	142	143	49	53	68	165	173	162	27	14	20	240	239	238	101	113	128	204	206	193
27677	182	106	78	33	85	107	12	14	19	240	232	192	243	216	58	139	48	58	130	117	107	106	81	66	201	149	125	69	45	48
118572	74	44	55	170	116	146	110	66	82	207	156	170	182	144	200	47	27	25	0	0	0	21	11	8	140	87	111	227	205	226
128894	120	128	135	208	113	68	58	62	48	165	73	37	96	104	98	206	187	199	225	219	235	192	152	146	119	42	18	79	85	70
55606	123	92	77	133	29	37	144	48	51	125	19	29	96	9	13	158	72	71	218	216	202	195	185	167	253	253	251	170	115	107
75138	221	222	215	190	136	106	153	174	178	44	137	170	165	60	53	74	58	53	13	21	28	231	201	136	107	113	108	26	72	89
103513	51	54	52	138	138	135	5	7	3	46	44	37	68	71	70	38	36	30	93	97	97	12	13	9	29	29	24	20	21	17
29922	95	112	109	12	14	14	217	235	240	246	250	250	192	188	154	101	145	139	129	202	234	148	167	162	161	220	242	193	205	196
44837	133	129	127	192	191	190	172	171	169	153	151	149	64	57	58	219	218	218	235	235	235	211	211	211	247	247	247	105	98	98
128544	215	115	160	5	140	179	14	103	128	206	206	205	42	32	35	218	66	52	144	141	142	217	220	61	137	59	118	83	177	64
54893	183	186	173	213	181	172	229	211	205	48	24	9	146	86	74	154	122	108	241	232	229	103	58	36	173	172	159	190	143	129
119828	215	180	140	226	207	170	254	254	254	184	118	75	232	219	185	243	236	220	238	228	200	120	88	66	183	153	116	58	45	27
125603	64	60	61	140	101	89	23	20	20	1	1	1	151	140	140	43	41	43	205	201	211	55	30	23	84	80	81	107	104	106
117772	247	249	248	233	233	233	216	215	213	126	121	120	162	155	154	241	241	241	198	197	194	137	52	51	249	242	222	225	225	224
129113	196	200	204	61	62	70	60	74	131	254	254	254	18	21	27	220	222	225	166	169	174	31	36	62	115	118	119	136	138	139
48652	140	157	130	169	185	150	188	211	172	93	104	86	225	215	160	234	240	183	200	155	108	209	229	181	207	192	146	240	189	125
48654	119	86	50	209	201	163	198	167	127	222	151	98	191	116	69	235	183	135	175	185	155	110	130	110	143	161	136	160	138	98
102719	105	111	116	49	48	46	140	86	85	223	222	217	111	46	47	78	81	85	140	143	146	62	63	64	168	169	171	206	201	197
120909	2	2	2	130	128	128	73	71	72	45	44	46	225	225	226	100	98	98	158	157	158	200	200	201	179	179	180	241	241	242
84744	76	28	12	19	9	6	121	71	25	183	131	28	44	58	10	126	99	75	216	190	182	154	140	139	197	143	98	53	46	89
87009	185	201	207	58	45	41	153	164	168	131	142	144	47	94	125	123	118	115	121	99	85	234	246	247	102	80	68	81	64	57
85230	251	228	170	120	86	43	202	145	47	151	123	79	189	162	114	71	48	23	224	182	101	250	236	212	11	10	7	231	202	145
54543	181	114	74	48	45	27	187	150	118	171	53	29	231	217	203	106	67	32	210	184	160	246	244	244	120	105	81	155	87	34
117679	112	98	78	172	158	126	73	54	51	205	195	124	249	246	232	217	203	176	180	172	98	149	138	101	129	117	89	93	77	65
116976	41	40	40	131	118	101	117	51	61	226	220	208	91	133	161	42	19	21	180	167	146	77	38	42	75	82	80	11	9	12
121574	191	185	114	93	98	58	188	192	188	159	163	82	22	26	24	107	113	108	59	64	42	202	226	248	141	151	153	148	186	240
116049	54	47	53	228	234	247	118	101	112	202	208	226	191	195	211	92	75	86	161	148	161	141	125	137	179	173	185	211	217	233
89601	182	198	96	123	155	76	227	205	214	216	94	155	20	26	17	158	160	167	131	119	119	152	50	22	59	71	42	87	108	69
115434	134	116	125	242	237	232	224	213	206	77	75	110	198	187	182	166	155	156	66	45	77	14	6	46	111	77	90	35	24	64
24931	210	53	97	183	165	139	163	153	10	207	195	188	197	44	29	243	20	131	232	232	232	200	203	9	225	118	138	244	93	69
51197	61	43	27	185	179	149	138	65	43	137	118	78	105	172	203	82	117	91	217	224	207	194	90	84	183	176	73	161	149	118
44424	221	207	208	198	181	180	104	76	72	205	140	116	242	238	236	227	174	151	153	111	103	176	153	151	211	195	195	35	32	37
23376	236	224	219	163	139	116	254	254	253	189	162	145	115	91	87	231	188	159	228	209	190	154	122	68	221	168	134	209	188	173
66212	222	219	215	96	65	66	188	173	158	203	198	191	167	116	90	50	30	39	148	80	65	181	150	123	247	246	247	126	116	115
86966	245	154	57	119	5	4	116	113	113	247	221	118	31	31	31	242	70	12	11	11	11	244	243	198	49	47	47	181	9	4
103273	89	74	66	159	139	124	220	198	175	207	182	159	188	163	143	239	221	205	228	209	190	3	1	3	127	108	96	49	39	36
42098	131	103	88	210	194	170	56	48	45	85	85	90	205	119	80	208	231	250	16	13	11	173	97	63	126	137	145	115	69	50
129499	249	252	253	142	128	111	128	110	93	83	72	62	109	91	76	222	229	232	152	108	72	168	162	150	195	196	195	44	38	32
128412	223	181	162	172	115	78	66	26	9	205	159	135	242	203	186	190	140	106	150	90	54	246	245	247	250	229	201	116	65	33
29644	223	221	219	107	160	179	173	85	40	179	170	163	57	55	49	138	134	124	76	96	89	202	195	189	198	155	89	130	197	218
114019	217	219	210	130	131	141	242	243	236	41	34	30	96	68	52	172	178	181	183	159	120	154	160	166	140	109	77	190	197	195
29646	7	7	8	235	167	158	16	14	14	74	13	23	42	35	34	100	88	85	147	119	117	29	21	21	74	55	52	181	37	54
99909	180	176	170	57	69	69	43	39	40	254	254	254	88	88	86	92	59	58	131	131	126	68	47	46	108	109	105	155	153	148
30625	88	49	33	206	176	152	219	194	174	240	218	205	250	237	229	183	141	111	159	101	67	140	79	49	193	158	130	172	123	89
103887	168	147	133	21	19	32	141	113	100	218	211	201	44	36	43	72	60	61	196	182	169	8	8	22	234	230	224	110	88	81
88415	61	89	115	229	228	224	45	30	21	105	146	179	149	135	126	193	187	177	197	136	89	129	100	78	65	55	47	97	76	59
53024	196	196	196	191	191	191	48	48	48	173	173	173	162	162	162	127	127	127	95	95	95	147	147	147	9	9	9	183	183	183
29643	165	155	140	105	94	73	181	150	113	186	179	164	157	144	127	135	123	106	201	195	179	174	167	154	143	135	122	122	110	91
36134	122	116	107	204	202	200	152	143	136	12	7	6	246	242	239	54	51	46	192	191	187	25	23	22	176	169	160	85	84	73
117360	119	120	107	250	250	248	39	40	33	78	80	66	98	100	84	9	11	7	59	63	52	152	153	151	202	198	186	138	136	128
128674	34	13	4	224	59	11	79	39	10	240	188	41	181	134	63	131	74	19	206	185	155	2	0	0	103	104	110	237	237	232
121693	77	71	79	146	145	160	206	205	215	14	10	9	178	177	188	32	38	110	117	112	118	28	27	54	76	85	149	230	228	233
91614	217	183	181	171	119	110	220	218	218	203	152	147	135	89	81	152	103	94	114	76	71	210	168	164	193	136	129	213	203	202
104821	151	101	37	85	91	85	223	210	198	182	168	160	244	237	226	112	114	111	63	61	53	139	134	134	200	187	176	158	153	155
106564	201	179	131	169	150	119	155	127	88	69	57	44	222	197	152	222	212	183	237	167	117	24	16	12	112	93	68	249	241	210
122070	52	50	44	212	219	205	232	237	231	117	123	120	149	155	150	154	109	71	187	154	119	194	200	191	178	183	175	92	93	88
115658	153	114	79	64	53	40	46	36	28	86	74	53	177	150	112	127	126	92	206	185	153	109	96	66	230	224	208	30	22	18
79932	117	110	116	111	55	65	54	51	58	131	85	93	75	79	93	144	133	136	174	165	170	95	20	25	229	227	230	25	22	26
104992	91	84	88	226	229	230	24	25	25	160	157	160	187	186	188	128	121	123	248	249	249	127	87	57	207	208	211	79	53	46
29138	98	96	95	166	102	92	77	73	71	123	123	124	62	57	51	245	212	238	88	85	81	194	139	142	109	109	108	215	176	189
23463	195	98	116	224	128	144	234	139	156	239	154	169	143	88	92	222	207	192	200	182	166	168	147	132	245	238	228	72	28	75
105535	216	219	217	197	203	208	186	191	193	134	124	107	122	79	46	204	169	135	182	110	78	31	9	4	89	33	13	157	51	26
119370	116	89	71	99	71	54	36	21	13	254	254	254	132	105	84	167	143	119	55	36	26	191	171	144	215	200	172	75	51	37
30109	85	122	155	206	183	142	71	61	51	249	249	249	151	118	77	133	167	190	55	86	125	186	156	108	235	231	222	221	209	184
91430	191	18	90	37	3	6	253	235	95	210	151	40	209	18	100	240	197	39	168	98	27	174	14	77	253	224	61	125	32	25
124602	127	110	90	218	172	125	146	38	31	189	188	184	189	102	62	211	215	218	48	37	25	92	78	63	235	238	238	159	149	135
72444	250	250	252	186	159	176	146	132	134	54	67	79	234	172	136	224	224	235	220	188	205	102	188	209	131	78	69	206	133	97
50128	15	28	78	33	45	93	132	135	159	14	20	63	42	56	106	246	245	241	21	36	88	50	65	113	4	2	26	8	10	45
67751	167	166	161	73	76	76	122	122	121	234	234	230	254	254	254	189	188	184	215	213	207	100	102	102	145	144	141	38	41	40
129955	198	195	188	214	212	206	46	40	34	157	155	144	244	243	239	107	106	91	182	181	174	79	71	62	228	225	220	136	130	116
79707	181	163	136	162	142	119	112	93	91	156	70	82	104	69	71	148	129	108	83	70	82	68	55	65	132	112	99	50	45	54
26531	192	169	140	152	172	186	166	130	100	106	125	151	125	79	59	51	55	63	11	12	18	206	208	202	244	247	246	69	88	127
78564	222	118	100	164	121	104	235	186	139	120	138	126	88	103	101	253	254	253	161	172	142	169	72	73	232	227	222	201	183	187
118291	48	47	44	111	54	44	105	129	139	194	194	194	101	105	101	172	171	169	137	139	136	71	77	76	219	219	219	25	21	20
101409	220	218	211	186	182	177	99	62	43	144	132	113	128	110	85	210	201	185	206	209	213	194	197	202	228	229	226	172	158	140
127609	171	167	166	146	142	141	70	66	65	39	35	34	226	225	224	52	48	47	196	194	192	91	87	86	118	114	113	254	254	254
46791	122	88	80	36	28	31	147	115	103	203	186	174	92	58	58	67	41	42	47	47	49	183	158	149	221	214	203	169	135	125
128683	246	136	102	251	105	49	222	210	196	239	67	46	219	68	64	246	178	142	241	96	79	241	241	238	211	40	38	173	22	26
121352	25	38	54	6	37	81	8	49	105	38	53	72	21	69	125	62	99	137	16	23	34	112	146	179	4	26	57	7	9	12
100787	166	114	100	195	160	132	78	59	48	109	96	84	139	49	47	175	156	142	193	179	163	201	194	184	211	208	201	225	226	230
129111	74	65	67	213	200	186	134	103	101	223	218	213	161	146	142	189	183	178	117	174	206	33	144	196	31	26	26	196	199	203
108961	165	182	204	96	118	146	207	212	224	184	199	218	127	152	177	145	167	194	150	157	177	60	75	101	110	139	163	131	136	158
100953	124	110	98	234	230	224	70	59	52	27	21	18	198	190	179	157	140	112	180	165	142	51	39	35	4	3	3	95	82	73
50078	191	191	191	157	157	157	57	57	57	86	86	86	210	210	210	112	112	112	135	135	135	227	227	227	32	32	32	174	174	174
34182	44	12	6	175	162	168	13	42	70	131	63	11	91	35	10	175	124	74	200	153	111	221	183	149	167	101	17	1	0	1
78863	194	202	207	65	41	22	99	116	141	104	99	92	84	67	49	54	68	96	22	21	14	145	155	164	44	37	28	65	52	38
102317	12	11	13	122	119	118	102	97	96	41	39	41	151	148	147	73	68	70	233	231	227	211	205	199	183	177	172	210	137	101
119702	79	49	20	130	108	73	44	24	10	197	174	128	110	73	33	240	235	225	190	144	63	215	201	172	152	101	33	161	140	103
115764	114	119	116	211	197	186	246	244	239	143	140	133	120	175	170	143	94	55	91	93	92	66	57	53	168	162	154	26	24	25
85962	116	38	45	25	25	28	139	138	138	40	40	46	191	49	53	98	98	101	66	66	71	12	12	18	254	254	253	192	184	180
84574	137	139	156	82	82	84	145	118	34	17	16	14	190	190	215	234	234	225	171	165	176	59	57	48	155	133	125	113	111	118
101018	134	154	136	234	232	223	174	185	170	97	127	105	250	248	240	157	172	156	30	63	36	205	210	197	221	222	211	189	197	183
42444	117	112	107	166	162	159	11	11	10	56	53	50	101	96	92	18	18	17	89	84	80	211	206	203	72	68	64	36	35	33
25690	229	229	233	172	168	163	149	146	142	109	103	97	246	246	249	136	132	126	198	197	196	81	75	66	122	117	110	96	91	83
