128233	151	122	106	163	142	124	124	89	83	211	214	197	201	202	185	192	185	167	141	107	93	76	57	61	196	140	108	177	163	144
100796	212	208	208	195	190	194	109	173	220	149	81	87	184	114	183	244	243	247	231	228	231	70	53	67	232	133	122	115	102	143
118929	215	206	184	187	187	185	220	222	224	95	74	52	128	110	83	160	158	154	198	199	200	208	210	214	189	174	145	160	141	112
109733	237	238	235	104	75	37	181	148	85	183	165	127	149	114	61	46	29	15	105	104	96	196	194	183	222	221	212	246	246	245
26957	102	118	129	168	12	9	130	84	60	33	25	30	149	157	159	228	160	70	74	77	91	86	42	27	205	208	219	53	51	60
127834	173	134	91	204	196	174	217	92	123	152	108	67	43	35	30	104	72	51	208	173	139	120	109	98	191	154	115	163	162	162
39356	162	153	142	98	92	90	191	189	187	179	173	168	140	134	118	212	214	217	202	203	201	222	226	228	54	51	50	244	245	251
100508	175	129	88	230	225	207	96	66	41	207	202	185	56	41	28	236	194	150	142	96	61	27	21	15	204	162	121	8	7	4
67467	219	206	146	170	152	97	221	157	86	107	181	168	205	191	133	198	130	52	240	149	28	217	216	182	189	174	118	150	193	172
86987	49	47	51	156	144	136	106	95	86	131	119	111	222	215	209	80	68	61	194	185	180	178	165	159	240	240	241	223	203	61
66214	248	247	239	44	31	32	186	113	56	187	151	117	147	70	40	135	92	71	78	50	42	158	117	93	218	202	169	107	69	54
23530	175	146	124	246	243	243	160	180	207	92	93	51	224	168	154	177	67	36	167	163	78	129	132	58	141	118	98	48	45	23
28298	57	74	109	150	173	208	95	124	171	81	105	148	252	252	253	30	29	40	114	144	189	190	153	89	135	118	94	232	187	97
125240	172	185	207	128	96	84	113	193	251	77	94	144	120	130	161	93	140	201	26	25	27	224	223	223	199	149	121	10	10	10
101418	37	23	14	148	132	122	214	213	210	83	55	37	160	80	45	184	178	169	213	164	39	238	241	245	110	94	85	159	28	18
96689	69	78	94	173	125	86	94	66	55	221	159	99	127	94	74	24	21	20	227	85	49	50	44	46	233	134	57	184	76	52
91984	62	153	186	223	224	200	237	238	218	205	205	184	130	125	137	45	23	50	159	158	155	69	53	79	93	88	116	184	182	168
94341	172	175	173	196	195	195	92	153	160	58	57	49	239	239	239	171	146	135	210	210	212	136	111	98	224	224	226	57	108	113
117226	97	106	56	64	65	70	156	114	64	1	1	0	89	115	136	125	60	38	95	84	100	133	110	113	48	39	16	54	84	32
126573	93	93	93	38	38	38	67	67	67	228	228	228	216	216	216	133	133	133	195	195	195	250	250	250	11	11	11	238	238	238
123828	157	98	64	104	114	133	161	29	24	114	63	40	234	235	224	155	185	185	207	39	32	31	23	23	230	182	112	182	130	6
101528	174	182	161	134	145	120	18	20	13	62	70	50	100	112	86	198	204	188	118	130	105	155	164	140	81	92	69	42	47	31
31940	198	189	185	160	158	163	68	55	50	120	74	49	236	236	236	34	29	29	140	131	122	254	254	253	93	91	98	217	215	215
101735	86	82	61	177	173	164	192	191	187	26	16	5	207	207	209	157	152	140	217	219	220	128	124	111	155	118	44	246	247	250
124503	187	155	139	223	223	222	168	96	59	20	7	3	241	241	241	140	74	59	209	208	207	190	126	86	93	56	43	151	100	85
126837	219	214	216	107	91	83	172	155	149	87	72	66	127	109	102	43	36	32	67	56	50	194	182	181	147	130	122	246	245	248
37309	172	179	170	156	204	103	33	39	59	247	161	91	81	156	70	186	102	80	219	215	192	53	49	86	112	79	91	48	102	58
99665	62	71	71	32	42	41	111	111	109	3	5	5	86	93	93	177	177	174	128	128	126	161	160	159	145	144	144	193	197	199
106325	247	244	239	201	192	183	77	66	54	184	175	166	148	139	129	217	211	203	119	109	98	234	229	223	166	156	147	254	253	251
115882	180	191	180	56	58	51	164	176	164	196	206	195	134	146	133	97	104	94	214	221	213	117	127	115	239	242	239	150	162	150
58790	145	148	144	28	30	31	187	185	176	15	79	175	69	149	224	168	169	163	118	119	117	239	185	145	67	73	79	236	233	217
91631	190	179	155	217	224	226	202	198	185	167	153	126	153	128	85	92	80	68	25	25	31	251	252	251	163	167	165	174	190	203
106739	42	27	23	158	143	140	184	181	182	218	219	221	94	73	67	237	235	234	202	200	201	123	101	95	141	123	119	172	162	160
39325	96	89	73	114	110	92	225	209	166	216	224	219	237	248	241	165	151	133	68	64	51	169	101	78	179	178	173	40	37	28
114986	238	235	235	224	207	213	91	74	84	207	179	177	196	160	132	51	41	49	219	86	189	122	111	122	158	147	154	156	116	90
100521	236	230	218	206	179	161	227	221	209	137	106	90	71	62	60	218	210	195	177	147	127	240	236	232	252	251	249	249	245	237
89811	205	177	29	18	22	34	65	81	98	108	114	125	191	203	206	45	149	177	163	59	33	152	159	164	43	51	65	223	228	212
126461	96	53	34	60	30	24	97	103	138	159	159	190	155	112	122	202	153	149	139	73	27	183	102	22	235	158	23	207	218	228
117100	213	188	130	97	86	74	164	137	100	164	185	220	228	239	242	27	27	27	197	168	117	220	201	151	169	162	151	191	209	227
100927	226	229	229	114	124	124	156	165	165	210	214	214	84	95	96	175	182	182	253	253	253	241	243	243	135	145	146	193	198	198
114444	203	180	166	190	88	36	188	135	96	95	61	46	219	192	176	57	39	32	168	106	74	201	162	128	133	81	56	127	129	127
128142	183	182	182	58	60	50	29	31	22	158	156	153	97	28	34	201	201	203	129	125	119	52	13	16	94	89	82	177	142	112
123901	51	40	36	210	200	172	152	169	171	105	122	121	167	132	98	196	173	133	118	89	69	229	229	221	67	85	86	120	152	163
48863	57	68	15	141	139	108	201	193	184	226	226	226	166	159	140	190	178	161	232	233	232	213	208	204	221	221	220	98	111	50
27380	25	56	102	22	146	141	175	163	154	122	69	67	213	236	230	36	21	42	151	124	116	97	181	173	195	218	214	179	200	196
118538	222	222	221	26	17	15	87	87	83	224	103	49	158	84	41	108	58	34	186	186	184	66	49	38	133	132	129	43	29	24
129117	113	134	137	67	82	84	21	27	40	96	97	60	46	58	61	93	111	106	6	7	6	152	190	218	18	49	181	67	115	232
118383	237	236	232	120	99	87	230	223	215	180	156	138	197	177	162	220	209	199	210	194	180	155	129	114	246	246	246	76	66	61
50753	108	118	120	195	177	160	111	98	80	212	196	181	172	166	165	51	62	64	179	161	141	148	132	114	153	145	142	167	149	125
129768	187	184	174	253	253	253	218	196	125	241	136	24	40	52	63	130	147	152	205	223	56	222	222	226	240	238	238	209	206	201
28057	244	233	211	154	138	142	182	183	210	84	172	98	232	104	99	122	83	71	217	180	51	238	198	171	31	93	37	254	254	254
126974	165	166	171	36	35	38	230	224	220	218	207	201	177	179	185	164	146	134	191	171	160	204	189	180	122	120	113	89	79	75
116169	96	79	77	119	109	111	123	136	157	20	16	18	239	238	237	155	175	197	206	210	214	168	147	138	64	52	50	202	183	172
109591	225	196	173	159	130	96	237	141	60	45	35	24	185	77	56	242	195	115	197	162	119	238	79	61	31	102	166	95	101	79
109092	251	252	253	117	109	125	14	12	28	187	196	211	169	144	145	25	83	147	68	54	66	95	80	91	99	147	193	41	31	47
54790	158	205	178	182	216	196	228	233	229	39	54	54	106	128	119	136	197	163	153	167	158	122	176	148	192	239	211	254	254	254
123994	180	177	170	205	203	202	171	167	158	187	185	181	214	213	213	242	242	244	130	118	107	146	136	125	196	193	191	155	147	139
115247	189	105	74	219	161	135	222	189	174	202	133	102	219	212	206	236	234	231	228	223	217	247	245	243	163	74	55	232	230	226
84562	218	219	214	132	132	122	44	45	40	106	106	97	76	76	70	172	171	164	204	205	200	235	235	234	188	188	183	154	154	144
90183	37	42	41	17	16	16	65	114	107	20	93	79	49	163	138	108	125	128	130	150	156	77	208	174	121	139	143	58	68	70
130250	124	126	125	93	88	83	223	215	211	55	48	39	170	172	174	216	162	127	72	67	61	191	84	39	18	15	10	36	31	24
34487	226	225	226	114	110	119	208	207	207	58	50	54	175	140	108	157	117	89	166	128	98	192	190	191	175	170	166	143	103	78
104828	159	180	194	121	93	71	240	236	233	168	125	93	213	209	205	195	159	130	213	181	154	235	232	229	110	149	175	228	228	228
125069	80	83	74	47	47	52	152	157	127	188	30	16	30	32	38	135	139	115	167	172	138	185	189	149	113	117	99	111	43	30
129255	88	77	57	52	54	106	203	204	199	226	226	223	183	181	169	55	49	39	138	127	103	158	151	133	19	18	13	115	101	74
101256	90	90	90	19	19	19	142	142	142	64	64	64	236	236	236	169	169	169	218	218	218	189	189	189	41	41	41	111	111	111
127541	90	79	72	132	132	133	43	41	39	68	60	54	22	22	23	110	98	90	216	212	208	146	148	151	161	163	168	118	115	113
91664	119	60	11	146	74	19	242	162	54	175	110	52	247	217	150	246	186	90	163	92	31	235	149	74	222	119	47	84	37	10
101965	82	63	51	122	113	108	9	12	15	158	144	139	48	133	169	106	179	215	5	47	67	23	90	118	163	204	230	231	139	29
119380	127	90	44	185	183	195	65	41	14	206	181	138	179	149	109	200	196	186	206	206	214	176	157	141	179	171	173	157	126	88
42351	223	224	226	196	201	208	98	120	151	2	29	77	59	85	123	23	75	136	142	158	182	254	254	254	6	42	96	10	55	113
128424	120	128	143	166	162	168	240	244	249	152	204	244	108	92	91	29	31	25	213	192	194	70	67	56	217	196	81	219	97	112
120258	153	153	149	184	183	180	208	209	210	83	81	77	169	168	165	191	191	188	138	137	133	223	223	224	198	197	195	113	111	107
106308	135	130	124	231	228	223	33	33	31	103	99	93	52	51	47	17	17	16	4	4	3	74	72	66	1	1	1	177	171	163
116241	87	108	115	183	180	176	177	162	133	54	69	77	228	232	237	17	26	35	101	98	60	61	56	40	117	142	163	134	135	97
128614	194	171	159	230	230	229	206	195	190	242	241	240	219	217	214	176	150	133	67	55	43	153	129	109	104	86	68	130	109	88
42619	101	99	101	223	221	233	162	161	172	54	42	38	187	183	194	72	69	68	3	2	2	133	132	140	206	203	214	26	20	18
128234	148	111	91	176	138	112	64	65	56	198	163	132	15	12	14	218	187	147	37	34	32	107	88	75	236	209	160	250	234	182
124360	83	94	110	156	168	193	22	37	135	15	20	35	100	119	199	121	130	139	47	57	77	41	66	209	238	238	239	200	204	215
125321	4	5	6	70	94	94	114	138	139	159	188	189	24	40	40	192	226	228	93	117	117	135	161	161	49	70	69	115	97	84
89604	209	236	243	169	121	71	110	110	111	226	202	135	62	37	22	38	21	15	83	61	46	131	140	147	97	84	75	152	184	201
55451	106	105	101	33	34	35	205	202	194	5	6	6	127	126	121	58	58	58	16	17	18	85	84	81	149	148	142	172	169	163
23387	121	102	87	183	183	196	66	83	97	136	120	105	79	94	110	104	110	119	98	81	70	211	213	222	41	55	65	153	140	129
120887	138	123	117	224	222	217	209	208	204	200	199	194	157	149	145	80	78	76	168	52	27	10	10	10	179	173	169	49	40	37
76859	119	122	134	131	134	148	98	101	113	151	150	163	19	19	18	106	113	126	179	184	200	39	38	38	87	83	84	65	60	61
41316	97	90	99	175	161	160	77	67	77	66	84	100	117	111	119	212	199	191	20	20	38	53	56	72	44	37	54	146	134	137
91429	81	74	75	173	139	132	177	176	178	149	148	161	108	109	126	115	100	99	190	189	194	126	128	148	141	123	120	89	88	99
103150	194	178	157	177	161	139	187	142	27	206	173	92	151	134	111	204	189	169	226	213	198	121	104	85	201	164	17	248	243	235
31101	106	82	46	220	197	161	190	151	78	68	49	25	171	149	112	193	171	135	150	129	95	31	20	12	247	228	195	131	111	82
91686	185	179	143	127	124	111	211	207	199	152	148	136	172	169	162	196	192	175	94	92	80	56	53	46	18	12	9	229	223	218
111083	191	188	190	12	7	7	69	58	50	91	80	70	33	24	19	237	239	243	149	133	119	49	39	34	118	107	97	166	157	150
121364	179	169	161	62	43	37	155	122	105	197	189	180	245	243	241	185	150	128	234	230	226	160	151	142	125	96	84	222	217	212
124588	134	126	125	181	174	176	155	147	147	203	198	199	115	106	106	59	55	55	84	81	84	114	72	64	30	29	28	229	229	231
27226	126	119	112	190	187	184	146	142	136	254	254	254	211	209	206	231	229	227	104	94	87	78	66	63	166	165	162	54	40	37
110429	128	138	144	66	69	79	55	45	43	176	185	192	110	118	123	207	209	219	145	156	161	25	22	21	86	92	102	159	170	175
123354	195	135	122	149	155	162	109	119	138	253	253	253	184	184	186	32	32	42	105	90	94	8	9	17	221	219	218	65	58	67
111084	68	68	68	98	98	98	53	53	53	0	0	0	123	123	123	36	36	36	83	83	83	110	110	110	136	136	136	18	18	18
76753	123	95	71	185	159	150	203	197	196	57	70	36	155	69	46	252	252	252	95	35	22	173	144	49	142	30	23	163	120	107
122519	162	159	158	50	51	52	254	254	254	193	43	43	18	18	20	27	27	29	111	108	109	212	209	205	38	39	40	74	71	74
123002	219	249	251	113	138	141	130	180	205	4	35	46	12	61	82	25	86	112	59	105	124	171	219	238	77	138	172	2	7	9
121801	167	120	96	115	75	56	14	67	93	73	46	33	91	102	112	21	16	12	143	99	76	205	186	182	176	141	125	8	127	184
65942	221	169	154	234	203	191	200	131	113	50	41	38	234	229	228	98	76	64	135	108	88	246	245	246	144	157	126	208	106	57
127307	146	147	127	212	203	192	193	127	93	144	73	49	31	27	28	244	235	222	81	127	186	104	107	88	76	56	43	180	173	155
127506	145	145	145	71	71	71	23	23	23	85	85	85	58	58	58	45	45	45	13	13	13	124	124	124	102	102	102	33	33	33
125586	151	170	156	200	204	190	69	81	92	100	83	76	46	41	50	220	226	213	176	188	174	177	148	127	118	123	114	129	151	140
44421	135	68	52	234	230	227	81	111	122	216	204	202	173	180	187	175	106	86	241	240	239	127	149	160	46	34	34	191	155	143
116139	226	235	244	190	210	228	160	151	154	213	209	202	153	186	216	127	112	114	88	73	78	48	40	47	193	186	181	199	163	102
30931	189	124	133	254	254	254	149	139	151	247	203	205	202	197	198	238	174	175	187	167	172	136	101	115	82	68	91	225	146	150
53035	14	16	3	22	24	10	218	119	120	24	27	15	251	250	250	30	33	25	90	86	83	231	223	221	209	188	186	157	153	162
32370	127	90	55	224	202	36	68	53	35	237	217	87	22	17	14	220	140	110	177	155	38	175	118	90	230	212	197	229	172	143
118402	195	192	173	203	201	186	170	167	151	233	233	233	229	230	228	212	212	205	243	243	243	124	121	102	238	238	237	222	222	217
94537	110	108	113	138	124	108	72	58	43	118	101	77	151	144	141	10	9	15	174	167	166	43	38	36	145	215	248	95	79	59
119798	236	220	215	36	44	54	63	76	93	84	100	121	110	136	168	187	154	153	24	31	40	17	22	28	11	13	18	49	59	71
128872	145	114	101	229	234	226	202	154	138	183	67	26	48	44	25	214	218	210	190	196	192	53	64	72	244	248	241	143	159	163
38470	146	122	108	120	96	80	165	144	130	71	58	42	189	187	175	229	229	225	206	214	207	174	166	155	201	201	190	217	221	216
122522	212	213	223	59	57	59	254	254	254	190	45	48	116	116	121	38	39	40	17	17	19	140	141	146	85	85	89	176	176	182
118996	249	249	251	200	206	222	242	241	245	156	168	195	213	217	230	225	227	236	182	191	212	235	235	241	114	126	158	45	45	54
31026	12	13	12	68	62	34	175	234	238	100	95	48	34	35	35	173	185	191	155	164	168	90	92	95	123	127	131	68	69	74
51141	242	132	181	245	169	194	249	194	195	238	124	90	243	149	191	45	42	43	249	220	224	238	163	140	236	96	35	254	254	254
127926	254	253	252	209	192	156	102	123	136	162	131	85	185	160	116	134	107	68	82	67	42	239	230	203	109	87	55	51	43	29
88925	90	50	13	230	204	111	149	106	44	65	30	6	173	130	55	249	240	167	121	80	33	199	163	79	110	65	18	140	88	22
117928	209	138	147	136	139	139	248	248	248	217	213	207	227	224	218	236	235	234	171	172	169	197	194	190	59	57	56	242	240	241
101028	226	230	238	117	116	209	191	195	229	170	174	224	146	149	218	86	75	200	254	254	254	240	243	245	57	21	185	210	214	234
115515	151	151	151	71	71	71	39	39	39	5	5	5	244	244	244	220	220	220	198	198	198	100	100	100	126	126	126	175	175	175
114919	169	169	169	83	83	83	10	10	10	139	139	139	226	226	226	250	250	250	199	199	199	111	111	111	58	58	58	35	35	35
93461	162	161	163	166	176	187	51	44	40	84	76	64	113	108	96	125	123	114	135	136	133	158	152	145	102	95	80	20	15	16
120772	153	155	158	225	225	223	213	213	211	249	249	249	97	103	115	36	37	39	23	31	71	239	239	239	197	197	195	63	70	92
50256	112	80	52	68	81	64	34	33	28	81	47	40	168	167	162	139	100	63	142	140	135	205	207	208	188	189	187	111	110	104
74632	179	179	179	133	133	133	41	41	42	253	253	253	1	1	1	78	79	79	253	0	0	217	217	217	84	3	4	195	4	4
129531	193	108	53	251	251	250	216	170	107	243	217	151	161	162	140	111	78	48	57	71	47	27	37	24	218	214	196	111	121	91
84769	144	120	64	209	197	182	202	192	160	215	187	92	223	200	114	185	166	111	197	182	134	216	201	145	171	146	83	212	202	196
104831	147	149	148	30	30	27	62	61	58	229	225	220	133	135	134	118	120	120	104	105	104	165	163	161	86	86	83	202	195	189
54884	49	20	29	254	254	254	6	107	155	34	173	218	228	104	104	211	197	203	164	11	16	111	7	14	132	95	110	209	46	49
124525	223	223	224	167	164	169	196	195	197	194	146	135	96	61	51	121	113	118	161	108	94	119	82	78	70	43	35	141	134	154
26242	156	140	135	111	32	36	109	5	12	10	6	5	143	66	70	218	217	218	99	80	71	186	180	180	62	53	51	126	108	100
104061	101	73	58	131	95	74	181	145	127	168	168	168	197	165	147	18	9	5	153	121	102	73	51	39	47	31	21	153	153	152
32173	60	67	21	211	232	50	232	246	60	172	189	24	241	246	101	248	250	170	222	228	12	202	210	3	254	254	254	201	222	29
117336	251	251	252	230	228	225	213	168	105	185	173	159	236	207	151	145	122	97	239	180	35	239	239	241	214	205	195	234	79	40
116980	208	210	209	247	249	249	33	38	42	132	88	86	201	166	153	132	168	190	55	65	72	159	128	120	93	62	63	73	109	129
129215	1	0	15	195	177	153	22	20	41	31	96	114	118	113	109	63	62	74	38	42	60	89	85	90	152	146	129	3	3	36
70117	116	132	151	175	153	79	164	160	158	71	66	66	100	101	108	15	15	14	42	38	39	184	184	187	216	219	216	167	62	48
77798	128	132	146	54	53	50	20	20	23	4	3	7	12	11	15	35	36	34	107	102	108	78	76	82	231	227	209	181	170	161
129689	103	112	130	203	210	219	237	240	244	71	78	95	151	161	175	2	3	5	88	97	115	175	185	196	37	41	54	127	136	152
100922	147	138	141	185	179	181	204	198	201	65	56	59	99	90	93	254	254	254	166	158	161	125	116	119	221	217	219	239	236	237
126632	31	30	26	107	105	102	57	56	53	244	243	242	189	189	191	118	117	114	144	145	147	131	130	130	83	82	79	163	165	167
73225	210	205	202	197	192	189	168	185	191	89	83	78	145	142	139	184	202	210	162	165	165	183	178	176	120	116	112	40	46	47
91064	234	233	233	236	121	56	123	29	28	43	39	47	24	22	31	8	7	15	69	70	100	194	39	36	192	182	174	147	148	117
29870	51	38	32	188	190	191	133	123	100	211	214	216	238	240	239	100	85	66	218	214	178	169	170	163	195	189	155	159	153	129
28747	142	158	193	226	183	138	9	9	9	207	214	231	119	110	76	65	62	41	124	134	163	234	240	250	144	148	163	117	125	140
123001	134	130	135	24	22	23	163	166	176	74	64	63	105	98	98	184	191	201	148	147	154	119	114	116	91	82	81	52	44	42
118129	39	35	35	80	68	59	211	233	240	61	53	49	46	125	184	100	85	70	143	129	112	146	212	234	119	104	88	85	167	216
116894	167	162	156	148	143	134	127	118	107	220	220	223	85	75	64	202	201	203	183	180	178	20	25	25	236	237	240	20	127	82
123995	75	70	65	161	155	147	158	112	65	44	38	32	133	125	115	190	151	99	205	199	194	127	90	58	111	60	31	189	183	178
87823	3	7	11	15	33	48	135	86	30	159	113	52	43	74	100	233	238	246	143	164	184	197	209	223	177	141	93	193	169	141
101031	94	78	74	165	169	172	14	3	5	37	7	10	65	48	43	124	110	109	176	186	192	146	143	143	28	6	7	194	204	209
119813	46	26	20	19	16	16	31	32	35	249	241	236	148	115	88	4	3	3	204	170	166	54	56	66	107	110	133	80	81	98
129463	104	73	39	217	168	120	144	106	64	41	29	20	182	168	136	226	217	201	190	129	83	146	127	101	254	254	254	238	201	150
130263	227	195	181	199	192	215	129	100	93	153	118	111	175	137	129	95	74	77	63	47	51	164	175	177	105	93	111	198	161	148
63803	181	173	179	223	220	219	189	182	186	205	199	199	193	185	189	248	248	248	234	232	231	196	189	192	213	209	209	186	178	183
104071	190	101	115	55	20	32	130	45	63	175	73	94	158	53	74	234	234	226	103	35	52	146	65	81	202	132	140	214	170	170
129210	107	103	93	12	11	9	159	77	36	136	132	125	233	231	225	46	44	39	78	37	17	152	161	213	123	58	27	187	112	68
32945	91	81	68	237	236	234	100	107	115	140	142	149	212	190	138	17	10	18	178	180	187	57	43	42	206	204	204	161	123	93
127837	204	204	204	134	134	134	160	160	160	250	250	250	56	56	56	234	234	234	176	176	176	219	219	219	102	102	102	191	191	191
118911	156	127	100	206	183	156	242	242	239	178	150	121	221	200	167	210	204	193	249	249	248	222	220	213	233	232	227	189	162	134
97488	3	3	15	199	177	156	61	116	122	220	173	79	9	14	44	148	208	214	100	73	52	15	26	64	224	213	198	155	134	111
118349	233	233	233	95	94	93	189	188	186	250	250	250	164	164	162	240	240	240	223	223	222	134	133	131	18	18	17	208	208	206
32413	50	144	162	28	26	23	139	212	241	244	249	249	72	78	52	194	173	166	154	136	135	160	82	33	105	107	104	221	210	200
125587	32	49	39	210	213	201	139	151	134	193	202	187	166	170	152	230	225	210	90	102	87	105	139	124	140	171	158	178	187	171
86748	136	151	181	130	95	70	54	38	28	169	151	140	202	235	252	94	65	48	12	7	6	178	181	190	104	98	103	150	124	103
128183	254	227	212	250	223	211	254	227	216	115	67	68	0	0	0	240	149	150	236	208	198	230	138	139	158	139	132	239	212	201
25609	11	10	7	83	79	71	16	15	11	137	133	123	61	58	51	27	26	22	42	39	34	108	104	94	167	164	154	3	2	2
124175	119	87	58	151	141	141	35	15	30	99	63	41	201	205	209	148	117	84	177	179	180	240	241	242	83	159	186	90	72	106
86168	189	186	184	160	157	158	225	221	219	240	235	240	247	242	247	103	106	113	234	229	233	76	77	82	209	205	203	46	43	44
87171	80	71	67	192	174	162	105	90	82	57	52	51	140	137	134	122	111	104	18	19	18	36	34	34	180	135	103	218	216	211
121339	143	142	142	122	121	121	220	219	219	102	100	101	76	75	76	167	166	165	1	1	1	247	247	246	193	192	191	44	43	44
36471	233	60	42	248	132	122	234	228	225	240	90	73	237	215	213	239	198	194	237	235	231	247	175	174	246	114	96	246	154	149
125193	236	100	82	97	86	67	175	149	135	40	38	34	74	79	81	63	59	50	117	109	99	184	192	197	17	15	13	117	128	137
117428	120	153	58	21	37	11	120	82	115	161	106	157	52	65	34	193	143	189	0	0	0	79	114	32	237	223	199	190	173	131
38223	182	87	82	201	195	189	172	163	157	69	49	44	242	241	238	225	223	219	132	109	98	205	106	97	109	74	67	173	134	121
106309	254	254	254	109	107	99	83	81	73	15	10	6	138	135	125	139	114	64	175	171	159	55	45	31	114	85	38	210	207	197
26201	205	177	131	152	117	70	124	94	58	77	59	42	254	254	254	175	143	98	240	234	220	227	212	182	142	135	131	186	178	171
38203	227	227	227	83	83	83	46	46	46	205	205	205	8	8	8	145	145	145	116	116	116	239	239	239	172	172	172	249	249	249
67012	48	74	71	62	115	107	58	123	121	69	137	135	125	104	105	76	130	119	162	150	147	204	185	180	232	212	207	80	146	141
28818	222	198	148	128	182	215	160	80	129	175	208	75	191	92	30	241	228	212	75	53	54	253	253	251	207	97	183	243	178	11
84501	246	242	238	252	252	252	204	145	113	238	226	222	56	40	29	167	106	74	228	174	144	192	182	174	87	65	46	216	208	201
85955	211	185	112	130	97	78	99	60	24	155	127	109	180	158	148	178	148	78	169	144	130	151	115	61	121	84	58	138	108	92
126916	231	204	114	222	187	79	200	171	107	142	112	56	213	176	61	32	27	15	99	76	33	160	153	123	179	145	67	213	191	148
120032	103	107	105	158	142	114	10	12	11	133	144	153	174	177	176	13	107	190	238	239	239	201	206	204	155	181	32	61	68	58
46760	54	30	17	152	152	152	38	18	10	165	165	165	79	54	36	65	42	26	140	139	139	125	123	123	104	95	91	95	70	52
27015	193	187	166	242	243	236	79	83	70	47	43	46	97	101	86	152	151	131	63	64	57	15	10	16	126	125	106	31	25	31
61721	132	126	120	201	194	190	220	226	234	154	147	142	182	171	159	73	69	66	158	163	184	43	39	35	9	7	6	102	99	96
103732	239	238	236	113	100	89	221	217	214	149	130	115	198	192	186	59	52	48	177	52	45	174	162	152	83	73	67	254	254	254
73680	140	46	57	222	232	240	193	197	184	87	79	69	29	19	19	147	111	39	64	43	35	115	81	32	115	117	117	155	152	138
119227	219	219	219	181	179	177	118	118	117	86	85	83	24	24	25	200	200	200	154	151	147	44	48	52	11	11	12	101	101	101
25065	210	218	206	223	230	217	140	144	148	121	120	129	58	44	79	100	96	112	179	188	183	160	167	167	79	69	95	194	203	195
114178	171	169	162	153	32	151	116	26	106	81	28	75	139	138	136	214	210	203	54	22	49	18	7	18	91	86	85	190	62	202
123906	161	119	96	207	154	121	204	203	191	105	98	84	56	59	60	15	23	34	103	137	161	15	49	78	49	81	107	236	245	244
120721	201	65	50	223	211	213	157	45	36	195	144	141	132	11	11	95	52	46	91	8	8	149	90	86	192	14	12	47	10	9
24919	25	25	21	77	157	69	123	181	106	92	98	73	99	176	88	214	181	152	94	63	38	178	89	49	215	132	80	51	63	46
29753	214	198	187	40	100	84	152	138	124	50	147	123	253	253	253	19	21	26	62	174	150	228	218	211	77	196	172	190	174	160
95707	62	80	109	92	144	166	42	41	42	253	253	253	24	24	25	90	88	87	118	116	114	64	63	63	174	174	176	149	147	137
120967	203	203	203	174	174	173	183	144	119	145	114	81	248	249	251	135	140	135	100	107	97	39	47	32	229	230	230	72	81	61
99491	186	190	190	200	203	203	248	249	250	43	34	42	139	142	138	174	177	175	215	221	225	162	163	159	105	106	111	234	238	242
23587	225	189	161	239	234	231	242	214	191	162	170	161	136	137	121	103	101	85	211	212	208	193	195	187	24	33	28	192	157	128
125749	235	237	242	230	233	238	245	247	251	239	242	247	203	207	213	216	220	226	211	215	221	192	192	200	221	225	231	226	229	234
25010	136	94	38	252	252	252	244	246	245	172	130	55	105	68	29	139	123	102	172	171	156	234	235	231	204	203	193	73	44	20
87512	17	16	15	83	79	59	166	187	213	142	139	118	227	216	212	193	177	151	112	111	85	142	157	167	187	127	67	47	45	37
89228	133	173	177	108	118	128	90	98	108	254	254	254	120	154	156	209	240	247	72	79	88	141	180	184	165	198	201	191	222	225
24994	113	191	179	192	179	154	206	205	191	247	247	247	243	243	243	179	158	113	218	208	144	137	119	85	109	166	150	229	227	218
127828	7	7	4	24	25	15	40	41	26	62	54	40	185	177	171	127	96	88	88	71	58	238	238	239	73	109	130	178	118	114
116728	26	25	35	226	218	210	81	139	202	244	140	43	150	142	136	48	50	60	120	114	112	82	79	85	139	32	25	11	10	14
114668	193	181	171	130	204	220	224	213	199	214	170	95	116	96	65	245	206	114	254	254	254	232	235	234	157	143	125	167	133	71
125584	156	168	155	161	136	109	208	210	198	67	74	72	187	193	179	196	171	144	224	227	218	104	116	120	122	98	73	42	37	36
116377	250	248	244	46	56	88	61	147	65	155	68	65	234	145	107	193	186	165	61	160	189	220	218	214	234	232	228	141	130	122
78841	110	112	113	137	136	136	50	41	37	127	113	102	78	66	60	160	159	160	101	90	83	18	13	11	177	177	178	191	191	193
24880	57	101	36	36	46	22	71	122	46	146	131	111	85	140	57	182	167	157	207	195	190	10	5	10	44	77	28	100	84	67
124604	143	166	174	102	106	104	44	47	49	14	17	21	229	221	210	15	162	191	94	89	67	66	68	68	143	136	122	185	169	119
103961	221	221	221	172	172	172	212	212	211	213	207	189	193	193	193	202	202	202	41	40	37	156	156	156	183	183	183	137	137	137
100665	44	46	59	23	20	29	17	15	23	172	197	203	11	8	17	37	38	49	102	120	136	70	79	93	31	26	37	51	56	73
89242	210	204	212	29	27	13	59	52	54	156	141	127	45	40	23	13	13	4	131	111	85	193	176	148	95	80	62	71	62	28
101408	109	90	60	130	130	121	144	146	140	254	253	250	151	132	98	205	186	156	117	114	101	161	168	167	73	62	36	180	158	124
99175	12	12	22	183	118	42	65	55	51	13	208	240	124	82	46	85	97	106	143	154	152	143	123	95	161	206	223	205	154	83
126031	16	18	22	228	233	238	87	94	98	9	136	185	55	55	58	155	161	166	179	185	191	203	209	213	124	130	135	123	76	58
120780	184	203	216	135	141	156	168	185	200	208	217	223	154	92	66	73	42	29	206	142	102	196	5	33	144	12	23	174	5	26
104251	22	25	24	26	39	44	10	13	9	65	56	53	115	208	230	48	38	35	8	180	223	111	108	103	85	79	75	147	151	142
104076	205	34	48	226	223	210	228	181	167	229	207	194	224	82	89	234	140	129	235	231	216	230	228	213	147	26	32	221	218	205
87016	170	188	49	243	244	244	169	195	185	155	183	101	48	103	43	120	165	150	226	227	228	119	149	37	222	180	106	95	147	90
129219	168	167	164	104	102	98	184	183	179	81	57	46	206	205	202	122	120	117	129	84	67	154	152	150	138	136	133	150	103	82
101639	139	134	120	167	163	151	239	240	242	186	182	171	254	254	254	248	249	249	216	217	218	228	230	232	200	200	197	91	86	58
127940	113	81	78	155	131	134	197	187	189	31	20	19	94	63	59	214	205	205	57	36	33	75	49	47	183	175	177	233	225	223
84294	131	124	111	97	92	82	223	217	209	164	155	139	200	183	158	244	237	219	19	19	18	32	31	29	214	199	176	61	58	52
129960	151	196	207	101	104	99	213	213	207	172	147	22	33	141	163	154	151	140	194	186	163	236	230	223	89	167	186	23	90	106
124629	206	180	58	131	130	131	44	158	125	158	157	156	242	242	242	139	146	57	58	50	47	199	49	64	212	208	197	241	226	38
101766	241	194	130	245	241	237	31	25	16	205	150	89	167	162	154	106	86	62	50	42	30	214	208	199	81	61	39	144	120	89
37755	50	27	38	93	63	54	159	143	124	68	48	55	32	7	20	206	198	175	195	178	145	237	234	216	133	108	90	89	74	76
127731	116	81	61	45	39	64	118	112	108	218	159	119	254	254	254	175	119	87	166	151	145	232	221	210	223	188	164	7	6	25
35736	72	48	34	128	133	146	204	204	204	100	104	112	161	158	167	95	76	66	166	122	103	44	31	19	15	14	9	184	182	187
86766	211	211	202	237	240	240	232	234	231	178	138	139	186	180	174	217	218	210	225	225	217	234	237	236	120	119	112	204	204	195
127106	204	148	130	177	177	177	223	225	223	117	111	105	47	41	42	175	37	50	14	14	16	202	198	196	147	148	144	82	72	70
118964	225	218	199	224	215	188	233	222	195	73	65	61	173	157	136	216	206	180	240	231	209	164	59	61	245	241	225	232	225	205
54501	131	71	136	165	165	158	200	201	199	236	237	238	41	30	24	127	133	126	158	101	45	111	42	31	66	73	67	95	110	95
122993	139	137	137	152	148	148	166	165	170	103	103	105	172	172	179	17	16	19	47	46	49	32	31	34	161	158	158	74	73	75
46805	135	124	112	220	217	199	183	176	160	150	139	127	48	47	61	70	66	74	56	55	68	117	108	101	84	78	81	100	92	91
116760	98	191	112	209	208	200	107	87	68	171	177	167	155	143	128	127	115	100	76	58	41	123	220	140	70	141	73	33	24	18
116660	161	157	149	139	135	127	202	202	196	47	48	45	181	180	173	120	113	101	27	26	29	71	68	62	177	108	46	96	90	80
128179	238	235	239	198	188	191	7	5	4	116	105	100	39	37	31	217	210	214	154	134	132	150	61	72	77	71	67	171	163	166
120306	254	254	254	107	108	103	28	27	25	165	167	165	58	57	54	128	129	126	214	214	211	147	149	147	185	187	184	83	84	80
31966	122	101	99	20	6	34	87	79	91	143	138	128	105	113	123	196	197	170	54	44	68	36	27	56	69	61	81	170	165	143
26491	207	153	139	249	252	247	132	79	79	226	226	196	143	104	115	162	198	210	186	245	248	117	53	38	151	159	180	149	128	151
58878	81	83	82	35	37	35	54	56	55	240	239	238	188	187	185	203	202	200	144	145	143	223	223	222	174	174	172	111	113	111
66978	246	175	106	131	217	226	232	208	146	211	211	208	166	165	162	170	197	233	189	193	190	147	148	147	221	221	218	36	33	38
121735	2	2	4	106	108	113	26	25	50	48	51	81	126	126	147	207	200	240	55	59	161	159	157	179	66	65	241	84	86	93
47542	206	154	51	77	109	84	180	32	42	161	148	145	72	39	78	118	132	105	208	211	204	61	109	28	4	19	44	37	68	47
118881	122	14	21	219	45	51	220	23	32	66	13	19	204	156	144	221	86	80	174	19	26	203	236	234	121	73	65	7	11	14
30811	144	147	149	127	74	59	41	42	47	113	115	116	157	161	162	151	155	155	88	93	96	73	68	68	19	20	25	133	136	137
124591	209	226	206	152	177	190	176	205	198	96	111	167	173	112	170	127	153	182	205	170	189	245	153	174	249	193	191	20	40	132
129964	95	144	148	126	66	38	93	33	21	195	137	80	28	13	15	168	93	47	31	84	94	232	182	120	126	209	226	244	240	199
128171	104	102	101	5	4	5	185	186	186	129	124	119	65	58	53	77	77	79	142	101	63	33	33	35	217	217	217	152	152	153
108175	114	60	33	239	238	234	137	128	116	170	162	149	104	97	90	9	8	8	44	44	42	70	68	65	28	25	23	205	200	192
128135	108	102	93	139	129	114	116	93	43	76	70	48	151	148	141	185	186	186	219	220	220	170	167	161	12	12	9	36	37	29
54198	116	81	53	191	158	123	211	183	155	55	37	21	89	57	33	21	17	12	247	243	241	227	213	198	146	106	72	169	131	96
38911	243	243	244	21	1	1	130	61	49	162	136	130	140	80	70	213	213	212	112	49	38	60	13	7	99	37	24	84	25	14
127149	186	183	191	170	109	94	121	55	49	93	90	95	203	156	141	136	135	142	15	13	15	62	50	54	33	27	31	226	225	229
37748	30	15	48	220	179	154	198	130	117	85	26	67	135	47	78	232	40	97	239	232	195	73	59	75	166	91	93	119	91	92
91224	34	66	77	225	227	195	71	131	136	109	148	144	67	74	41	29	36	35	102	116	98	34	102	118	137	173	165	182	194	173
126379	20	22	24	254	254	254	91	77	69	215	209	196	178	165	147	163	50	61	168	118	92	202	191	167	179	137	107	141	104	88
120735	154	20	32	230	209	196	205	77	74	177	161	163	145	117	116	230	152	120	101	30	25	190	30	47	251	249	246	47	18	9
116064	241	243	248	208	198	192	232	234	239	199	201	203	186	186	185	127	122	114	225	219	213	222	224	229	212	214	218	161	151	144
94599	178	171	156	157	142	122	219	222	224	207	209	206	105	57	29	197	198	193	246	249	250	132	107	81	189	186	176	221	203	181
124613	163	166	158	234	233	231	221	218	213	130	138	114	245	245	245	225	204	177	191	185	172	205	176	115	128	107	70	164	135	95
103561	148	149	149	65	117	134	31	32	32	127	129	129	196	197	197	171	174	175	226	226	226	99	102	102	61	69	70	102	160	174
127826	11	11	8	102	80	53	140	112	78	38	38	27	177	163	158	130	128	127	221	76	65	66	62	47	87	90	98	210	197	190
25703	42	40	31	209	188	154	52	78	70	66	136	140	1	1	1	141	125	90	101	107	66	186	148	114	150	149	124	151	64	51
37713	33	33	32	217	217	216	162	161	157	185	184	182	116	115	111	204	204	202	57	57	55	17	17	17	88	88	85	141	140	136
27366	222	13	37	154	127	106	213	205	172	221	217	189	181	163	133	200	190	153	228	228	202	234	237	213	239	157	20	92	61	56
115878	239	191	121	235	231	225	236	207	166	241	176	88	163	121	72	207	154	79	192	179	161	245	245	245	135	127	116	104	78	51
30324	151	129	97	211	148	72	38	25	15	98	48	25	214	90	46	175	115	57	74	134	126	144	74	43	216	171	116	69	86	70
115041	87	81	84	139	138	141	140	160	183	238	243	249	199	127	66	184	178	177	142	36	41	214	203	197	185	199	217	39	38	43
68517	243	245	247	19	34	56	206	208	213	122	120	127	40	41	45	12	15	21	60	64	73	170	171	177	91	91	98	153	149	153
100794	67	172	167	111	181	178	102	120	120	176	146	136	166	184	182	125	139	140	147	159	159	20	153	147	125	93	82	16	92	91
123904	76	45	27	138	94	62	206	191	182	249	248	247	224	206	200	192	127	103	173	168	161	215	165	144	230	227	223	142	138	118
106763	165	160	154	22	20	18	1	1	0	141	136	131	241	240	236	213	156	86	50	46	45	194	190	186	81	73	68	111	105	100
40834	26	15	15	148	103	81	126	71	57	48	29	26	85	63	54	69	28	20	60	41	36	97	47	35	36	21	20	187	138	108
110450	104	104	105	177	172	162	209	210	207	144	139	130	93	62	31	21	14	11	45	40	36	156	123	58	72	72	76	242	243	243
100178	247	248	249	181	178	174	122	105	97	171	154	140	188	186	187	218	222	225	208	210	211	146	129	117	197	196	196	231	235	237
115735	237	104	126	176	163	170	248	249	248	4	5	4	128	112	113	66	70	75	102	42	21	191	15	29	27	29	35	218	218	229
56155	131	123	115	144	117	87	103	93	78	178	171	165	168	150	130	50	39	24	14	12	6	79	63	43	229	209	191	208	183	160
63801	133	146	178	215	221	221	246	247	235	233	235	228	224	229	225	242	243	232	239	239	228	41	50	105	201	209	215	182	193	206
120874	138	12	14	92	6	6	88	89	93	164	17	21	207	207	210	145	143	147	49	4	4	47	47	52	5	4	5	193	23	30
129581	133	100	55	177	175	204	99	107	114	220	202	77	18	25	28	38	65	31	146	147	163	194	159	34	19	48	129	55	84	46
118862	220	180	144	244	218	182	11	8	9	162	141	127	111	85	74	235	20	29	62	42	36	247	168	60	253	249	237	192	116	84
118109	141	66	21	57	27	16	209	108	23	222	211	188	95	47	23	155	104	67	22	8	8	120	147	166	206	155	100	83	77	82
128352	151	122	103	111	77	62	245	90	21	170	156	148	184	54	22	223	72	19	192	169	167	136	36	18	50	28	22	251	117	29
129869	216	214	217	213	173	114	187	179	177	252	252	252	55	75	119	136	42	47	119	137	149	167	118	84	36	31	43	236	235	239
122931	4	7	11	146	153	166	10	33	65	10	48	108	231	215	221	6	12	19	13	27	46	97	105	119	7	18	32	50	63	76
30762	203	198	205	189	139	151	163	116	122	126	82	85	213	161	174	212	209	216	221	218	224	228	226	232	228	191	200	64	34	42
23664	166	26	32	221	197	192	164	21	28	170	35	41	164	19	24	248	248	245	192	111	114	176	78	80	169	31	37	160	8	14
88433	150	155	163	176	174	172	89	104	127	109	123	146	220	213	200	128	141	157	92	33	21	157	75	54	199	194	185	175	155	91
120284	117	96	89	205	196	187	72	52	48	75	82	88	26	19	18	98	75	70	138	123	116	246	245	243	97	104	110	180	157	144
54821	176	178	171	234	238	248	240	244	251	139	136	140	203	205	200	238	240	239	98	94	98	223	224	216	54	37	35	229	232	232
118906	133	176	175	110	161	164	185	209	199	158	116	91	222	238	231	95	144	149	185	152	127	202	228	221	160	188	184	93	60	46
45497	229	195	176	13	27	36	169	156	149	112	76	70	218	218	219	146	120	114	238	208	194	32	35	51	212	178	160	28	52	62
93097	183	180	177	221	223	227	196	195	192	61	57	60	166	162	160	142	135	129	194	172	134	10	11	23	110	99	92	207	208	209
88177	29	29	29	143	143	143	71	71	71	163	163	163	12	12	12	195	195	195	223	223	223	178	178	178	48	48	48	115	115	115
89261	223	218	201	172	180	186	112	122	132	153	157	159	196	208	213	193	194	191	221	221	221	74	83	99	45	50	67	221	226	237
107003	185	174	166	29	28	25	146	107	66	214	161	118	226	219	220	133	130	120	173	122	80	117	83	55	194	142	99	74	65	53
128126	116	157	84	112	104	106	203	197	198	78	117	51	32	50	21	58	78	44	169	163	162	223	221	221	238	238	238	138	129	131
103728	222	228	214	28	9	25	219	224	210	98	86	93	225	233	217	198	199	183	166	162	150	211	214	198	228	236	220	184	183	168
91701	42	38	44	152	156	169	211	187	132	179	193	200	219	221	221	249	248	248	126	123	127	208	125	57	86	84	88	133	102	54
128680	237	221	195	52	44	35	205	186	158	174	158	132	139	120	85	112	97	69	27	24	21	156	139	106	84	70	49	9	6	8
129291	151	149	150	222	224	224	86	83	92	63	60	67	254	254	254	190	188	186	113	110	119	45	42	47	29	26	30	11	9	10
28403	236	73	83	215	56	64	219	215	215	228	63	74	225	168	171	148	31	35	241	86	95	242	242	242	229	121	126	191	49	52
98994	73	23	15	111	98	94	238	225	203	33	36	44	186	121	89	147	141	140	206	182	150	70	67	69	11	7	10	173	41	26
126931	15	23	13	184	204	110	239	243	198	132	65	38	33	88	58	65	86	42	84	112	61	110	135	70	135	161	89	37	52	28
102821	158	143	139	20	12	8	45	42	37	2	1	0	122	102	104	63	20	17	187	174	169	84	70	67	217	210	207	207	196	189
126393	75	70	69	233	233	232	41	39	39	23	23	23	186	185	183	197	197	195	157	151	149	209	208	207	221	220	218	117	111	109
127142	182	156	143	28	40	54	134	154	165	18	26	31	88	98	105	221	232	230	59	65	70	222	194	174	175	189	194	144	126	109
25221	238	245	238	223	235	223	154	208	182	32	57	70	119	159	122	173	48	44	182	221	205	198	229	220	231	191	169	207	124	114
129560	115	126	106	28	26	34	15	13	20	153	166	140	136	149	123	231	231	231	171	181	158	46	44	57	65	63	76	36	34	43
128066	244	245	243	150	132	116	210	193	165	177	163	143	208	213	210	43	42	44	18	19	24	99	88	83	71	67	66	121	109	99
122925	226	187	170	200	213	233	85	76	83	140	117	118	226	118	44	187	152	148	164	182	215	51	45	50	236	241	248	16	14	15
127012	207	211	212	130	66	64	40	72	76	170	182	182	166	88	91	138	152	171	161	149	137	113	118	118	108	157	149	166	84	41
97648	81	118	21	253	253	253	129	126	110	54	83	15	202	198	192	164	158	144	99	95	79	71	70	52	45	50	30	19	26	11
52918	95	95	95	225	225	225	160	160	160	118	118	118	135	135	135	70	70	70	236	236	236	41	41	41	186	186	186	210	210	210
23529	194	184	175	252	253	253	59	44	36	13	15	19	124	98	84	88	70	63	167	158	145	154	127	110	219	218	216	24	25	28
24093	13	15	19	214	201	168	183	206	235	123	142	164	74	88	88	104	119	127	138	145	143	59	67	66	140	160	186	33	35	43
26956	35	69	132	60	50	47	232	230	225	10	31	76	89	8	31	2	2	4	174	148	136	112	88	80	19	21	29	160	28	69
118984	222	222	222	203	203	203	132	132	132	111	111	111	153	153	153	252	252	252	85	85	85	53	53	53	177	177	177	9	9	9
108866	251	153	45	130	113	75	252	167	64	241	141	40	253	163	54	217	124	41	210	47	31	240	212	157	111	41	24	45	64	66
84767	146	147	148	109	109	107	226	232	232	48	46	45	202	209	210	185	194	196	171	180	180	129	130	129	160	166	166	85	85	83
28040	73	71	51	49	47	34	94	101	72	128	128	95	238	241	244	187	179	175	161	147	131	212	205	203	25	20	16	126	81	63
124587	166	156	153	96	92	94	178	169	169	147	115	80	159	131	101	237	237	239	58	51	51	198	192	195	172	147	121	188	164	141
118999	192	204	204	72	75	76	59	62	65	135	103	96	234	241	242	81	91	90	118	136	133	93	107	102	48	50	54	157	165	166
125740	229	216	191	211	174	139	128	131	134	138	103	55	174	134	75	200	153	112	84	82	80	163	163	164	244	239	227	43	35	27
24913	220	208	185	101	106	100	27	30	26	155	148	128	89	93	86	6	7	6	181	172	149	202	192	171	64	63	50	133	128	110
115530	17	9	6	241	245	201	135	109	43	229	232	100	107	68	18	194	199	165	162	151	107	64	36	12	199	195	12	178	177	137
36158	96	86	78	188	182	170	233	230	216	164	157	146	207	201	189	77	68	61	44	36	31	60	52	46	140	130	120	117	108	98
37323	55	50	66	188	189	197	90	87	121	220	223	232	207	212	222	157	124	115	124	128	172	197	201	210	230	233	239	186	165	165
117139	56	83	37	36	23	8	98	115	101	145	160	162	186	216	108	217	227	226	67	164	14	244	247	248	117	206	27	182	198	197
83517	32	24	3	161	131	174	84	58	78	74	44	48	99	67	100	128	80	118	49	38	25	138	102	147	110	82	127	62	51	59
25138	112	84	85	232	226	224	206	63	40	161	158	158	228	166	126	248	248	250	115	161	93	211	125	83	47	27	25	226	198	177
103151	251	251	243	192	190	185	25	24	27	209	210	208	128	102	92	50	49	52	160	150	134	177	169	157	102	81	70	144	126	113
118590	227	167	139	201	180	166	224	208	196	164	103	87	109	65	59	250	244	241	193	136	115	33	21	18	235	224	215	244	235	229
115245	126	130	130	191	190	188	30	34	32	163	163	163	77	78	77	11	15	14	51	51	50	253	253	253	225	225	224	102	107	106
120485	159	91	71	62	61	60	4	4	4	181	168	152	98	96	95	217	53	18	177	36	14	134	29	14	33	32	31	96	17	11
100370	214	212	206	1	1	1	176	170	162	227	224	219	36	35	35	72	64	58	109	99	92	199	195	187	20	20	18	149	140	132
34941	172	166	158	8	11	7	56	55	49	42	42	39	116	109	100	33	33	30	72	71	67	220	214	209	16	19	15	24	25	22
115352	216	210	229	183	156	216	76	65	92	10	6	13	149	125	184	123	101	153	33	28	40	53	46	64	99	79	124	254	253	254
119376	21	13	7	229	223	209	94	70	39	182	150	88	232	208	129	254	254	254	211	180	105	245	230	167	197	183	158	151	119	69
105976	157	157	156	184	145	126	121	118	116	62	62	62	33	33	33	201	200	199	236	235	234	217	178	158	90	89	89	242	210	193
114892	204	185	154	177	160	135	109	94	72	222	210	188	244	238	226	133	116	92	149	95	55	185	130	72	75	61	35	158	139	112
28744	8	6	10	168	174	163	204	147	112	246	198	154	31	27	35	236	238	241	206	209	219	78	73	48	120	114	77	149	155	112
